# Created by Octave 4.2.1, Wed Feb 28 12:25:16 2018 EST <timwar@Tims-MacBook-Pro-3.local>
# name: r
# type: global matrix
# rows: 10
# columns: 1
 -1
 1
 -1
 -0.447213595499958
 0.447213595499958
 0.447213595499958
 -0.447213595499958
 -1
 -1
 -0.3333333334


# name: s
# type: global matrix
# rows: 10
# columns: 1
 -1
 -1
 1
 -1
 -1
 -0.447213595499958
 0.447213595499958
 -0.447213595499958
 0.447213595499958
 -0.3333333332


# name: AFEM
# type: matrix
# rows: 10
# columns: 10
 1.100000000000001 0.1 0.1 -0.4 0.1 0.1 0.1 -0.4000000000000004 0.1 0.1
 0.1 0.6000000000000002 0.1 0.1 -0.4000000000000001 0.1 0.1 0.1 0.1 0.1
 0.1 0.1 0.6000000000000002 0.1 0.1 0.1 0.1 0.1 -0.4000000000000002 0.1
 -0.4 0.1 0.1 2.013609241487974 -0.1981423971266826 0.1 0.1 -0.07595468171207936 0.1 -0.8395121626492122
 0.1 -0.4000000000000002 0.1 -0.1981423971266826 2.204592247320322 -1.19398867059009 0.1 0.1 0.1 0.08753882039645092
 0.1 0.1 0.1 0.1 -1.19398867059009 2.342788848378726 0.2490711985521609 0.1 0.1 -0.9978713763407973
 0.1 0.1 0.1 0.1 0.1 0.2490711985521609 2.342788848320774 0.1 -1.193988670250829 -0.9978713766221058
 -0.4000000000000004 0.1 0.1 -0.07595468171207936 0.1 0.1 0.1 2.01360924152386 -0.1981423968807152 -0.8395121629310655
 0.1 0.1 -0.4000000000000002 0.1 0.1 0.1 -1.193988670250829 -0.1981423968807152 2.20459224702014 0.08753882011140438
 0.1 0.1 0.1 -0.8395121626492125 0.08753882039645092 -0.9978713763407975 -0.9978713766221056 -0.8395121629310653 0.08753882011140438 4.199689438035325


# name: ASEM
# type: matrix
# rows: 10
# columns: 10
 1.111111111097778 0.02777777776444441 0.02777777778444453 -0.6469039949396524 0.3469039950229854 0.01666666672696804 0.01666666668969941 -0.6469039949460196 0.3469039949793524 0.3999999998199997
 0.02777777776444451 0.6111111110977777 0.1111111111177781 0.2847909956852592 -0.5847909956019264 0.01666666672696759 0.01666666668969911 0.02727683369977045 0.08938983300022939 0.3999999998200003
 0.02777777778444464 0.111111111117778 0.6111111111377778 0.02727683357523572 0.08938983302476491 0.01666666657696657 0.01666666653970009 0.2847909955479916 -0.5847909956646591 0.4000000003599996
 -0.6469039949396523 0.2847909956852591 0.02727683357523553 2.877777777559608 -0.5944444445694435 0.2388888886964712 0.4761394351208594 0.0999999998234976 0.1000000001605872 -1.863525491112422
 0.3469039950229855 -0.5847909956019263 0.08938983302476465 -0.5944444445694438 2.877777777745947 -1.387250546315305 0.2388888887896395 0.09999999988107942 0.100000000009836 -0.1864745079875771
 0.01666666672696775 0.0166666667269678 0.01666666657696672 0.2388888886964715 -1.387250546315304 3.155555555401047 0.3777777779027782 0.4761394349246834 0.2388888890813072 -2.149999999721885
 0.01666666668969967 0.0166666666896985 0.01666666653969974 0.4761394351208587 0.2388888887896403 0.3777777779027787 3.155555555960063 0.2388888889881373 -1.387250545952462 -2.150000000728114
 -0.6469039949460197 0.02727683369977094 0.2847909955479918 0.09999999982349794 0.09999999988107848 0.4761394349246834 0.2388888889881369 2.877777777642943 -0.5944444442777786 -1.863525491284304
 0.3469039949793521 0.0893898330002301 -0.5847909956646592 0.1000000001605873 0.1000000000098354 0.2388888890813064 -1.387250545952463 -0.5944444442777789 2.877777777829282 -0.1864745091656921
 0.3999999998200003 0.3999999998199998 0.4000000003600002 -1.863525491112422 -0.1864745079875767 -2.149999999721884 -2.150000000728114 -1.863525491284306 -0.186474509165693 8.199999999999996


