# Created by Octave 4.2.1, Wed Feb 28 12:25:17 2018 EST <timwar@Tims-MacBook-Pro-3.local>
# name: r
# type: global matrix
# rows: 28
# columns: 1
 -1
 1
 -1
 -0.830223896278567
 -0.468848793470714
 0
 0.468848793470714
 0.830223896278567
 0.830223896278567
 0.468848793470714
 0
 -0.468848793470714
 -0.830223896278567
 -1
 -1
 -1
 -1
 -1
 -0.3333333334
 -0.787766143
 -0.787766143
 0.5755322859999999
 0.1138198408
 -0.733416271
 -0.3804035698
 -0.733416271
 -0.3804035698
 0.1138198408


# name: s
# type: global matrix
# rows: 28
# columns: 1
 -1
 -1
 1
 -1
 -1
 -1
 -1
 -1
 -0.830223896278567
 -0.468848793470714
 0
 0.468848793470714
 0.830223896278567
 -0.830223896278567
 -0.468848793470714
 0
 0.468848793470714
 0.830223896278567
 -0.3333333332
 0.5755322859999999
 -0.787766143
 -0.787766143
 -0.733416271
 0.1138198408
 -0.733416271
 -0.3804035698
 0.1138198408
 -0.3804035698


# name: AFEM
# type: matrix
# rows: 28
# columns: 28
 1.035714285714285 0.03571428571428571 0.03571428571428571 -0.4642857142857139 0.03571428571428571 0.03571428571428571 0.03571428571428571 0.03571428571428571 0.03571428571428571 0.03571428571428571 0.03571428571428571 0.03571428571428571 0.03571428571428571 -0.4642857142857137 0.03571428571428571 0.03571428571428571 0.03571428571428571 0.03571428571428571 0.03571428571428571 0.03571428571428571 0.03571428571428571 0.03571428571428571 0.03571428571428571 0.03571428571428571 0.03571428571428571 0.03571428571428571 0.03571428571428571 0.03571428571428571
 0.03571428571428571 0.5357142857142857 0.03571428571428571 0.03571428571428571 0.03571428571428571 0.03571428571428571 0.03571428571428571 -0.4642857142857145 0.03571428571428606 0.03571428571428571 0.03571428571428571 0.03571428571428571 0.03571428571428571 0.03571428571428571 0.03571428571428571 0.03571428571428571 0.03571428571428571 0.03571428571428571 0.03571428571428571 0.03571428571428571 0.03571428571428571 0.03571428571428571 0.03571428571428571 0.03571428571428571 0.03571428571428571 0.03571428571428571 0.03571428571428571 0.03571428571428571
 0.03571428571428571 0.03571428571428571 0.5357142857142856 0.03571428571428571 0.03571428571428571 0.03571428571428571 0.03571428571428571 0.03571428571428571 0.03571428571428571 0.03571428571428571 0.03571428571428571 0.03571428571428571 0.03571428571428557 0.03571428571428571 0.03571428571428571 0.03571428571428571 0.03571428571428571 -0.464285714285714 0.03571428571428571 0.03571428571428571 0.03571428571428571 0.03571428571428571 0.03571428571428571 0.03571428571428571 0.03571428571428571 0.03571428571428571 0.03571428571428571 0.03571428571428571
 -0.4642857142857137 0.03571428571428571 0.03571428571428571 2.034111879209784 -0.169659415747923 0.03571428571428571 0.03571428571428571 0.03571428571428571 0.03571428571428571 0.03571428571428571 0.03571428571428571 0.03571428571428571 0.03571428571428571 -0.1726774413910678 0.03571428571428571 0.03571428571428571 0.03571428571428571 0.03571428571428571 0.03571428571428571 0.03571428571428571 -1.048917879213651 0.03571428571428571 0.03571428571428571 0.03571428571428571 0.03571428571428571 0.03571428571428571 0.03571428571428571 0.03571428571428571
 0.03571428571428571 0.03571428571428571 0.03571428571428571 -0.169659415747923 2.017954807931654 -0.113988755859231 0.03571428571428571 0.03571428571428571 0.03571428571428571 0.03571428571428571 0.03571428571428571 0.03571428571428571 0.03571428571428571 0.03571428571428571 0.03571428571428571 0.03571428571428571 0.03571428571428571 0.03571428571428571 0.03571428571428571 0.03571428571428571 -0.3076800797534279 0.03571428571428571 0.03571428571428571 0.03571428571428571 -1.248055127999643 0.03571428571428571 0.03571428571428571 0.03571428571428571
 0.03571428571428571 0.03571428571428571 0.03571428571428571 0.03571428571428571 -0.113988755859231 2.066789782971464 -0.08692820085444254 0.03571428571428571 0.03571428571428571 0.03571428571428571 0.03571428571428571 0.03571428571428571 0.03571428571428571 0.03571428571428571 0.03571428571428571 0.03571428571428571 0.03571428571428571 0.03571428571428571 0.03571428571428571 0.03571428571428571 0.03571428571428571 0.03571428571428571 -1.34365069884318 0.03571428571428571 -0.3436506988431812 0.03571428571428571 0.03571428571428571 0.03571428571428571
 0.03571428571428571 0.03571428571428571 0.03571428571428571 0.03571428571428571 0.03571428571428571 -0.08692820085444251 2.129579485484155 -0.08079643272600102 0.03571428571428571 0.03571428571428571 0.03571428571428571 0.03571428571428571 0.03571428571428571 0.03571428571428571 0.03571428571428571 0.03571428571428571 0.03571428571428571 0.03571428571428571 0.03571428571428571 0.03571428571428571 0.03571428571428571 -1.423794057655745 -0.3594893656765384 0.03571428571428571 0.03571428571428571 0.03571428571428571 0.03571428571428571 0.03571428571428571
 0.03571428571428571 -0.4642857142857144 0.03571428571428571 0.03571428571428571 0.03571428571428571 0.03571428571428571 -0.080796432726001 2.174485187538998 -1.31856243343531 0.03571428571428571 0.03571428571428571 0.03571428571428571 0.03571428571428571 0.03571428571428571 0.03571428571428571 0.03571428571428571 0.03571428571428571 0.03571428571428571 0.03571428571428571 0.03571428571428571 0.03571428571428571 -0.1322691785205444 0.03571428571428571 0.03571428571428571 0.03571428571428571 0.03571428571428571 0.03571428571428571 0.03571428571428571
 0.03571428571428571 0.03571428571428606 0.03571428571428571 0.03571428571428571 0.03571428571428571 0.03571428571428571 0.03571428571428571 -1.31856243343531 2.543898469917007 0.3011250484377135 0.03571428571428571 0.03571428571428571 0.03571428571428571 0.03571428571428571 0.03571428571428571 0.03571428571428571 0.03571428571428571 0.03571428571428571 0.03571428571428571 0.03571428571428571 0.03571428571428571 -1.383603942062268 0.03571428571428571 0.03571428571428571 0.03571428571428571 0.03571428571428571 0.03571428571428571 0.03571428571428571
 0.03571428571428571 0.03571428571428571 0.03571428571428571 0.03571428571428571 0.03571428571428571 0.03571428571428571 0.03571428571428571 0.03571428571428571 0.3011250484377135 2.362215287299091 0.331960876635801 0.03571428571428571 0.03571428571428571 0.03571428571428571 0.03571428571428571 0.03571428571428571 0.03571428571428571 0.03571428571428571 0.03571428571428571 0.03571428571428571 0.03571428571428571 -1.192941945463324 -0.3242307827308033 0.03571428571428571 0.03571428571428571 0.03571428571428571 0.03571428571428571 -1.263842769892764
 0.03571428571428571 0.03571428571428571 0.03571428571428571 0.03571428571428571 0.03571428571428571 0.03571428571428571 0.03571428571428571 0.03571428571428571 0.03571428571428571 0.331960876635801 2.333913511653606 0.3319608766358007 0.03571428571428571 0.03571428571428571 0.03571428571428571 0.03571428571428571 0.03571428571428571 0.03571428571428571 -0.381914185235085 0.03571428571428571 0.03571428571428571 0.03571428571428571 0.03571428571428571 0.03571428571428571 0.03571428571428571 0.03571428571428571 -1.200817682617702 -1.200817682786706
 0.03571428571428571 0.03571428571428571 0.03571428571428571 0.03571428571428571 0.03571428571428571 0.03571428571428571 0.03571428571428571 0.03571428571428571 0.03571428571428571 0.03571428571428571 0.3319608766358007 2.362215287299091 0.3011250484377139 0.03571428571428571 0.03571428571428571 0.03571428571428571 0.03571428571428571 0.03571428571428571 0.03571428571428571 -1.192941945463325 0.03571428571428571 0.03571428571428571 0.03571428571428571 -0.324230782730803 0.03571428571428571 0.03571428571428571 -1.263842769892763 0.03571428571428571
