# Created by Octave 4.2.1, Wed Feb 28 12:25:15 2018 EST <timwar@Tims-MacBook-Pro-3.local>
# name: r
# type: global matrix
# rows: 6
# columns: 1
 -1
 1
 -1
 0
 0
 -1


# name: s
# type: global matrix
# rows: 6
# columns: 1
 -1
 -1
 1
 -1
 0
 0


# name: AFEM
# type: matrix
# rows: 6
# columns: 6
 1.166666666666667 0.1666666666666667 0.1666666666666667 -0.3333333333333335 0.1666666666666667 -0.3333333333333336
 0.1666666666666667 0.6666666666666669 0.1666666666666667 -0.3333333333333336 0.1666666666666667 0.1666666666666667
 0.1666666666666667 0.1666666666666667 0.6666666666666669 0.1666666666666667 0.1666666666666667 -0.3333333333333336
 -0.3333333333333333 -0.3333333333333336 0.1666666666666667 2.166666666666667 -0.8333333333333338 0.1666666666666666
 0.1666666666666667 0.1666666666666667 0.1666666666666667 -0.8333333333333336 2.166666666666667 -0.8333333333333338
 -0.3333333333333336 0.1666666666666667 -0.3333333333333336 0.1666666666666666 -0.8333333333333336 2.166666666666667


# name: ASEM
# type: matrix
# rows: 6
# columns: 6
 1.166666666666666 0.3333333333333331 0.333333333333333 -0.4999999999999996 0.1666666666666669 -0.4999999999999996
 0.3333333333333331 0.6666666666666663 0.1666666666666666 -0.4999999999999996 0.1666666666666669 0.1666666666666667
 0.3333333333333329 0.1666666666666666 0.6666666666666671 0.1666666666666669 0.1666666666666666 -0.5000000000000002
 -0.4999999999999994 -0.4999999999999994 0.166666666666667 2.833333333333333 -1.166666666666668 0.1666666666666665
 0.1666666666666668 0.1666666666666669 0.1666666666666665 -1.166666666666668 2.833333333333337 -1.166666666666668
 -0.4999999999999994 0.1666666666666667 -0.5000000000000003 0.1666666666666666 -1.166666666666668 2.833333333333334


