# Created by Octave 4.2.1, Wed Feb 28 12:25:16 2018 EST <timwar@Tims-MacBook-Pro-3.local>
# name: r
# type: global matrix
# rows: 15
# columns: 1
 -1
 1
 -1
 -0.654653670707977
 0
 0.654653670707977
 0.654653670707977
 0
 -0.654653670707977
 -1
 -1
 -1
 -0.5257599664
 -0.5257599664
 0.0515199328


# name: s
# type: global matrix
# rows: 15
# columns: 1
 -1
 -1
 1
 -1
 -1
 -1
 -0.654653670707977
 0
 0.654653670707977
 -0.654653670707977
 0
 0.654653670707977
 0.0515199328
 -0.5257599664
 -0.5257599664


# name: AFEM
# type: matrix
# rows: 15
# columns: 15
 1.066666666666666 0.06666666666666667 0.06666666666666667 -0.4333333333333332 0.06666666666666667 0.06666666666666667 0.06666666666666667 0.06666666666666667 0.06666666666666667 -0.4333333333333331 0.06666666666666667 0.06666666666666667 0.06666666666666667 0.06666666666666667 0.06666666666666667
 0.06666666666666667 0.5666666666666667 0.06666666666666667 0.06666666666666667 0.06666666666666667 -0.4333333333333335 0.0666666666666668 0.06666666666666667 0.06666666666666667 0.06666666666666667 0.06666666666666667 0.06666666666666667 0.06666666666666667 0.06666666666666667 0.06666666666666667
 0.06666666666666667 0.06666666666666667 0.5666666666666667 0.06666666666666667 0.06666666666666667 0.06666666666666667 0.06666666666666667 0.06666666666666667 0.06666666666666657 0.06666666666666667 0.06666666666666667 -0.4333333333333332 0.06666666666666667 0.06666666666666667 0.06666666666666667
 -0.4333333333333332 0.06666666666666667 0.06666666666666667 1.953814831024244 -0.1864012843556184 0.06666666666666667 0.06666666666666667 0.06666666666666667 0.06666666666666667 -0.2268018055159828 0.06666666666666667 0.06666666666666667 0.06666666666666667 -0.7739450744859765 0.06666666666666667
 0.06666666666666667 0.06666666666666667 0.06666666666666667 -0.1864012843556184 1.97787856681854 -0.1970959491593072 0.01532374278475551 0.06666666666666667 0.06666666666666667 0.06666666666666667 0.06666666666666667 0.06666666666666667 0.06666666666666667 -0.1235467530423784 -1.086158323045991
 0.06666666666666667 -0.4333333333333333 0.06666666666666667 0.06666666666666667 -0.1970959491593072 2.27825124436212 -1.381155295202813 0.06666666666666667 0.06666666666666667 0.06666666666666667 0.06666666666666667 0.06666666666666667 0.06666666666666667 0.06666666666666667 0.06666666666666667
 0.06666666666666667 0.0666666666666668 0.06666666666666667 0.06666666666666667 0.0153237427847555 -1.381155295202813 2.352703865095579 0.2258491876823112 0.06666666666666667 0.06666666666666667 0.06666666666666667 0.06666666666666667 0.06666666666666667 0.06666666666666667 -0.8793881670264987
 0.06666666666666667 0.06666666666666667 0.06666666666666667 0.06666666666666667 0.06666666666666667 0.06666666666666667 0.2258491876823112 2.389873005599427 0.225849187682311 0.06666666666666667 0.06666666666666667 0.06666666666666667 -1.20512334509074 -0.031324690782568 -1.205123345090741
 0.06666666666666667 0.06666666666666667 0.06666666666666657 0.06666666666666667 0.06666666666666667 0.06666666666666667 0.06666666666666667 0.225849187682311 2.352703865095578 0.06666666666666667 0.01532374278475553 -1.381155295202813 -0.8793881670264982 0.06666666666666667 0.06666666666666667
 -0.433333333333333 0.06666666666666667 0.06666666666666667 -0.2268018055159828 0.06666666666666667 0.06666666666666667 0.06666666666666667 0.06666666666666667 0.06666666666666667 1.953814831024244 -0.186401284355618 0.06666666666666667 0.06666666666666667 -0.7739450744859773 0.06666666666666667
 0.06666666666666667 0.06666666666666667 0.06666666666666667 0.06666666666666667 0.06666666666666667 0.06666666666666667 0.06666666666666667 0.06666666666666667 0.01532374278475552 -0.186401284355618 1.97787856681854 -0.1970959491593072 -1.086158323045992 -0.1235467530423785 0.06666666666666667
 0.06666666666666667 0.06666666666666667 -0.4333333333333333 0.06666666666666667 0.06666666666666667 0.06666666666666667 0.06666666666666667 0.06666666666666667 -1.381155295202813 0.06666666666666667 -0.1970959491593073 2.27825124436212 0.06666666666666667 0.06666666666666667 0.06666666666666667
 0.06666666666666667 0.06666666666666667 0.06666666666666667 0.06666666666666667 0.06666666666666667 0.06666666666666667 0.06666666666666667 -1.20512334509074 -0.8793881670264982 0.06666666666666667 -1.086158323045992 0.06666666666666667 4.209373752368653 -0.7053705838720901 0.06666666666666667
 0.06666666666666667 0.06666666666666667 0.06666666666666667 -0.7739450744859765 -0.1235467530423784 0.06666666666666667 0.06666666666666667 -0.03132469078256801 0.06666666666666667 -0.7739450744859772 -0.1235467530423785 0.06666666666666667 -0.7053705838720901 3.770382846916792 -0.7053705838720897
 0.06666666666666667 0.06666666666666667 0.06666666666666667 0.06666666666666667 -1.086158323045991 0.06666666666666667 -0.8793881670264987 -1.205123345090741 0.06666666666666667 0.06666666666666667 0.06666666666666667 0.06666666666666667 0.06666666666666667 -0.7053705838720898 4.209373752368654


