# Created by Octave 4.2.1, Wed Feb 28 12:25:17 2018 EST <timwar@Tims-MacBook-Pro-3.local>
# name: r
# type: global matrix
# rows: 28
# columns: 1
 -1
 1
 -1
 -0.830223896278567
 -0.468848793470714
 0
 0.468848793470714
 0.830223896278567
 0.830223896278567
 0.468848793470714
 0
 -0.468848793470714
 -0.830223896278567
 -1
 -1
 -1
 -1
 -1
 -0.3333333334
 -0.787766143
 -0.787766143
 0.5755322859999999
 0.1138198408
 -0.733416271
 -0.3804035698
 -0.733416271
 -0.3804035698
 0.1138198408


# name: s
# type: global matrix
# rows: 28
# columns: 1
 -1
 -1
 1
 -1
 -1
 -1
 -1
 -1
 -0.830223896278567
 -0.468848793470714
 0
 0.468848793470714
 0.830223896278567
 -0.830223896278567
 -0.468848793470714
 0
 0.468848793470714
 0.830223896278567
 -0.3333333332
 0.5755322859999999
 -0.787766143
 -0.787766143
 -0.733416271
 0.1138198408
 -0.733416271
 -0.3804035698
 0.1138198408
 -0.3804035698


# name: AFEM
# type: matrix
# rows: 28
# columns: 28
 1.035714285714285 0.03571428571428571 0.03571428571428571 -0.4642857142857139 0.03571428571428571 0.03571428571428571 0.03571428571428571 0.03571428571428571 0.03571428571428571 0.03571428571428571 0.03571428571428571 0.03571428571428571 0.03571428571428571 -0.4642857142857137 0.03571428571428571 0.03571428571428571 0.03571428571428571 0.03571428571428571 0.03571428571428571 0.03571428571428571 0.03571428571428571 0.03571428571428571 0.03571428571428571 0.03571428571428571 0.03571428571428571 0.03571428571428571 0.03571428571428571 0.03571428571428571
 0.03571428571428571 0.5357142857142857 0.03571428571428571 0.03571428571428571 0.03571428571428571 0.03571428571428571 0.03571428571428571 -0.4642857142857145 0.03571428571428606 0.03571428571428571 0.03571428571428571 0.03571428571428571 0.03571428571428571 0.03571428571428571 0.03571428571428571 0.03571428571428571 0.03571428571428571 0.03571428571428571 0.03571428571428571 0.03571428571428571 0.03571428571428571 0.03571428571428571 0.03571428571428571 0.03571428571428571 0.03571428571428571 0.03571428571428571 0.03571428571428571 0.03571428571428571
 0.03571428571428571 0.03571428571428571 0.5357142857142856 0.03571428571428571 0.03571428571428571 0.03571428571428571 0.03571428571428571 0.03571428571428571 0.03571428571428571 0.03571428571428571 0.03571428571428571 0.03571428571428571 0.03571428571428557 0.03571428571428571 0.03571428571428571 0.03571428571428571 0.03571428571428571 -0.464285714285714 0.03571428571428571 0.03571428571428571 0.03571428571428571 0.03571428571428571 0.03571428571428571 0.03571428571428571 0.03571428571428571 0.03571428571428571 0.03571428571428571 0.03571428571428571
 -0.4642857142857137 0.03571428571428571 0.03571428571428571 2.034111879209784 -0.169659415747923 0.03571428571428571 0.03571428571428571 0.03571428571428571 0.03571428571428571 0.03571428571428571 0.03571428571428571 0.03571428571428571 0.03571428571428571 -0.1726774413910678 0.03571428571428571 0.03571428571428571 0.03571428571428571 0.03571428571428571 0.03571428571428571 0.03571428571428571 -1.048917879213651 0.03571428571428571 0.03571428571428571 0.03571428571428571 0.03571428571428571 0.03571428571428571 0.03571428571428571 0.03571428571428571
 0.03571428571428571 0.03571428571428571 0.03571428571428571 -0.169659415747923 2.017954807931654 -0.113988755859231 0.03571428571428571 0.03571428571428571 0.03571428571428571 0.03571428571428571 0.03571428571428571 0.03571428571428571 0.03571428571428571 0.03571428571428571 0.03571428571428571 0.03571428571428571 0.03571428571428571 0.03571428571428571 0.03571428571428571 0.03571428571428571 -0.3076800797534279 0.03571428571428571 0.03571428571428571 0.03571428571428571 -1.248055127999643 0.03571428571428571 0.03571428571428571 0.03571428571428571
 0.03571428571428571 0.03571428571428571 0.03571428571428571 0.03571428571428571 -0.113988755859231 2.066789782971464 -0.08692820085444254 0.03571428571428571 0.03571428571428571 0.03571428571428571 0.03571428571428571 0.03571428571428571 0.03571428571428571 0.03571428571428571 0.03571428571428571 0.03571428571428571 0.03571428571428571 0.03571428571428571 0.03571428571428571 0.03571428571428571 0.03571428571428571 0.03571428571428571 -1.34365069884318 0.03571428571428571 -0.3436506988431812 0.03571428571428571 0.03571428571428571 0.03571428571428571
 0.03571428571428571 0.03571428571428571 0.03571428571428571 0.03571428571428571 0.03571428571428571 -0.08692820085444251 2.129579485484155 -0.08079643272600102 0.03571428571428571 0.03571428571428571 0.03571428571428571 0.03571428571428571 0.03571428571428571 0.03571428571428571 0.03571428571428571 0.03571428571428571 0.03571428571428571 0.03571428571428571 0.03571428571428571 0.03571428571428571 0.03571428571428571 -1.423794057655745 -0.3594893656765384 0.03571428571428571 0.03571428571428571 0.03571428571428571 0.03571428571428571 0.03571428571428571
 0.03571428571428571 -0.4642857142857144 0.03571428571428571 0.03571428571428571 0.03571428571428571 0.03571428571428571 -0.080796432726001 2.174485187538998 -1.31856243343531 0.03571428571428571 0.03571428571428571 0.03571428571428571 0.03571428571428571 0.03571428571428571 0.03571428571428571 0.03571428571428571 0.03571428571428571 0.03571428571428571 0.03571428571428571 0.03571428571428571 0.03571428571428571 -0.1322691785205444 0.03571428571428571 0.03571428571428571 0.03571428571428571 0.03571428571428571 0.03571428571428571 0.03571428571428571
 0.03571428571428571 0.03571428571428606 0.03571428571428571 0.03571428571428571 0.03571428571428571 0.03571428571428571 0.03571428571428571 -1.31856243343531 2.543898469917007 0.3011250484377135 0.03571428571428571 0.03571428571428571 0.03571428571428571 0.03571428571428571 0.03571428571428571 0.03571428571428571 0.03571428571428571 0.03571428571428571 0.03571428571428571 0.03571428571428571 0.03571428571428571 -1.383603942062268 0.03571428571428571 0.03571428571428571 0.03571428571428571 0.03571428571428571 0.03571428571428571 0.03571428571428571
 0.03571428571428571 0.03571428571428571 0.03571428571428571 0.03571428571428571 0.03571428571428571 0.03571428571428571 0.03571428571428571 0.03571428571428571 0.3011250484377135 2.362215287299091 0.331960876635801 0.03571428571428571 0.03571428571428571 0.03571428571428571 0.03571428571428571 0.03571428571428571 0.03571428571428571 0.03571428571428571 0.03571428571428571 0.03571428571428571 0.03571428571428571 -1.192941945463324 -0.3242307827308033 0.03571428571428571 0.03571428571428571 0.03571428571428571 0.03571428571428571 -1.263842769892764
 0.03571428571428571 0.03571428571428571 0.03571428571428571 0.03571428571428571 0.03571428571428571 0.03571428571428571 0.03571428571428571 0.03571428571428571 0.03571428571428571 0.331960876635801 2.333913511653606 0.3319608766358007 0.03571428571428571 0.03571428571428571 0.03571428571428571 0.03571428571428571 0.03571428571428571 0.03571428571428571 -0.381914185235085 0.03571428571428571 0.03571428571428571 0.03571428571428571 0.03571428571428571 0.03571428571428571 0.03571428571428571 0.03571428571428571 -1.200817682617702 -1.200817682786706
 0.03571428571428571 0.03571428571428571 0.03571428571428571 0.03571428571428571 0.03571428571428571 0.03571428571428571 0.03571428571428571 0.03571428571428571 0.03571428571428571 0.03571428571428571 0.3319608766358007 2.362215287299091 0.3011250484377139 0.03571428571428571 0.03571428571428571 0.03571428571428571 0.03571428571428571 0.03571428571428571 0.03571428571428571 -1.192941945463325 0.03571428571428571 0.03571428571428571 0.03571428571428571 -0.324230782730803 0.03571428571428571 0.03571428571428571 -1.263842769892763 0.03571428571428571
 0.03571428571428571 0.03571428571428571 0.03571428571428557 0.03571428571428571 0.03571428571428571 0.03571428571428571 0.03571428571428571 0.03571428571428571 0.03571428571428571 0.03571428571428571 0.03571428571428571 0.3011250484377139 2.543898469917007 0.03571428571428571 0.03571428571428571 0.03571428571428571 0.03571428571428571 -1.318562433435309 0.03571428571428571 -1.383603942062268 0.03571428571428571 0.03571428571428571 0.03571428571428571 0.03571428571428571 0.03571428571428571 0.03571428571428571 0.03571428571428571 0.03571428571428571
 -0.4642857142857139 0.03571428571428571 0.03571428571428571 -0.1726774413910678 0.03571428571428571 0.03571428571428571 0.03571428571428571 0.03571428571428571 0.03571428571428571 0.03571428571428571 0.03571428571428571 0.03571428571428571 0.03571428571428571 2.034111879209785 -0.1696594157479229 0.03571428571428571 0.03571428571428571 0.03571428571428571 0.03571428571428571 0.03571428571428571 -1.048917879213652 0.03571428571428571 0.03571428571428571 0.03571428571428571 0.03571428571428571 0.03571428571428571 0.03571428571428571 0.03571428571428571
 0.03571428571428571 0.03571428571428571 0.03571428571428571 0.03571428571428571 0.03571428571428571 0.03571428571428571 0.03571428571428571 0.03571428571428571 0.03571428571428571 0.03571428571428571 0.03571428571428571 0.03571428571428571 0.03571428571428571 -0.1696594157479229 2.017954807931654 -0.1139887558592307 0.03571428571428571 0.03571428571428571 0.03571428571428571 0.03571428571428571 -0.3076800797534277 0.03571428571428571 0.03571428571428571 0.03571428571428571 0.03571428571428571 -1.248055127999645 0.03571428571428571 0.03571428571428571
 0.03571428571428571 0.03571428571428571 0.03571428571428571 0.03571428571428571 0.03571428571428571 0.03571428571428571 0.03571428571428571 0.03571428571428571 0.03571428571428571 0.03571428571428571 0.03571428571428571 0.03571428571428571 0.03571428571428571 0.03571428571428571 -0.1139887558592307 2.066789782971464 -0.08692820085444226 0.03571428571428571 0.03571428571428571 0.03571428571428571 0.03571428571428571 0.03571428571428571 0.03571428571428571 -1.343650698843181 0.03571428571428571 -0.3436506988431812 0.03571428571428571 0.03571428571428571
 0.03571428571428571 0.03571428571428571 0.03571428571428571 0.03571428571428571 0.03571428571428571 0.03571428571428571 0.03571428571428571 0.03571428571428571 0.03571428571428571 0.03571428571428571 0.03571428571428571 0.03571428571428571 0.03571428571428571 0.03571428571428571 0.03571428571428571 -0.08692820085444232 2.129579485484154 -0.08079643272600102 0.03571428571428571 -1.423794057655744 0.03571428571428571 0.03571428571428571 0.03571428571428571 -0.3594893656765384 0.03571428571428571 0.03571428571428571 0.03571428571428571 0.03571428571428571
 0.03571428571428571 0.03571428571428571 -0.464285714285714 0.03571428571428571 0.03571428571428571 0.03571428571428571 0.03571428571428571 0.03571428571428571 0.03571428571428571 0.03571428571428571 0.03571428571428571 0.03571428571428571 -1.318562433435309 0.03571428571428571 0.03571428571428571 0.03571428571428571 -0.08079643272600105 2.174485187538997 0.03571428571428571 -0.1322691785205449 0.03571428571428571 0.03571428571428571 0.03571428571428571 0.03571428571428571 0.03571428571428571 0.03571428571428571 0.03571428571428571 0.03571428571428571
 0.03571428571428571 0.03571428571428571 0.03571428571428571 0.03571428571428571 0.03571428571428571 0.03571428571428571 0.03571428571428571 0.03571428571428571 0.03571428571428571 0.03571428571428571 -0.381914185235085 0.03571428571428571 0.03571428571428571 0.03571428571428571 0.03571428571428571 0.03571428571428571 0.03571428571428571 0.03571428571428571 3.806978501576928 0.03571428571428571 0.03571428571428571 0.03571428571428571 0.02952192282882036 0.02952192234936993 -0.9178448417209201 -0.9178448421975995 -0.6813520961254863 -0.6813520957617419
 0.03571428571428571 0.03571428571428571 0.03571428571428571 0.03571428571428571 0.03571428571428571 0.03571428571428571 0.03571428571428571 0.03571428571428571 0.03571428571428571 0.03571428571428571 0.03571428571428571 -1.192941945463325 -1.383603942062268 0.03571428571428571 0.03571428571428571 0.03571428571428571 -1.423794057655744 -0.1322691785205449 0.03571428571428571 4.565645511690067 0.03571428571428571 0.03571428571428571 0.03571428571428571 -0.2187506737024704 0.03571428571428571 0.03571428571428571 0.03571428571428571 0.03571428571428571
 0.03571428571428571 0.03571428571428571 0.03571428571428571 -1.048917879213651 -0.3076800797534279 0.03571428571428571 0.03571428571428571 0.03571428571428571 0.03571428571428571 0.03571428571428571 0.03571428571428571 0.03571428571428571 0.03571428571428571 -1.048917879213652 -0.3076800797534278 0.03571428571428571 0.03571428571428571 0.03571428571428571 0.03571428571428571 0.03571428571428571 3.929695628116701 0.03571428571428571 0.03571428571428571 0.03571428571428571 -0.4832498550912711 -0.4832498550912711 0.03571428571428571 0.03571428571428571
 0.03571428571428571 0.03571428571428571 0.03571428571428571 0.03571428571428571 0.03571428571428571 0.03571428571428571 -1.423794057655744 -0.1322691785205445 -1.383603942062268 -1.192941945463324 0.03571428571428571 0.03571428571428571 0.03571428571428571 0.03571428571428571 0.03571428571428571 0.03571428571428571 0.03571428571428571 0.03571428571428571 0.03571428571428571 0.03571428571428571 0.03571428571428571 4.565645511690065 -0.2187506737024704 0.03571428571428571 0.03571428571428571 0.03571428571428571 0.03571428571428571 0.03571428571428571
 0.03571428571428571 0.03571428571428571 0.03571428571428571 0.03571428571428571 0.03571428571428571 -1.34365069884318 -0.3594893656765384 0.03571428571428571 0.03571428571428571 -0.3242307827308033 0.03571428571428571 0.03571428571428571 0.03571428571428571 0.03571428571428571 0.03571428571428571 0.03571428571428571 0.03571428571428571 0.03571428571428571 0.02952192282882037 0.03571428571428571 0.03571428571428571 -0.2187506737024705 3.990299763580022 0.03571428571428571 -0.4212071292433582 0.03571428571428571 0.03571428571428571 -1.066778750498206
 0.03571428571428571 0.03571428571428571 0.03571428571428571 0.03571428571428571 0.03571428571428571 0.03571428571428571 0.03571428571428571 0.03571428571428571 0.03571428571428571 0.03571428571428571 0.03571428571428571 -0.324230782730803 0.03571428571428571 0.03571428571428571 0.03571428571428571 -1.343650698843181 -0.3594893656765383 0.03571428571428571 0.02952192234936994 -0.2187506737024703 0.03571428571428571 0.03571428571428571 0.03571428571428571 3.99029976308832 0.03571428571428571 -0.4212071288120769 -1.066778749958335 0.03571428571428571
 0.03571428571428571 0.03571428571428571 0.03571428571428571 0.03571428571428571 -1.248055127999643 -0.3436506988431813 0.03571428571428571 0.03571428571428571 0.03571428571428571 0.03571428571428571 0.03571428571428571 0.03571428571428571 0.03571428571428571 0.03571428571428571 0.03571428571428571 0.03571428571428571 0.03571428571428571 0.03571428571428571 -0.9178448417209201 0.03571428571428571 -0.4832498550912709 0.03571428571428571 -0.4212071292433582 0.03571428571428571 3.883432819584196 -0.2194251666858222 0.03571428571428571 0.03571428571428571
 0.03571428571428571 0.03571428571428571 0.03571428571428571 0.03571428571428571 0.03571428571428571 0.03571428571428571 0.03571428571428571 0.03571428571428571 0.03571428571428571 0.03571428571428571 0.03571428571428571 0.03571428571428571 0.03571428571428571 0.03571428571428571 -1.248055127999645 -0.3436506988431813 0.03571428571428571 0.03571428571428571 -0.9178448421975997 0.03571428571428571 -0.4832498550912712 0.03571428571428571 0.03571428571428571 -0.4212071288120769 -0.2194251666858222 3.883432819629595 0.03571428571428571 0.03571428571428571
 0.03571428571428571 0.03571428571428571 0.03571428571428571 0.03571428571428571 0.03571428571428571 0.03571428571428571 0.03571428571428571 0.03571428571428571 0.03571428571428571 0.03571428571428571 -1.200817682617702 -1.263842769892763 0.03571428571428571 0.03571428571428571 0.03571428571428571 0.03571428571428571 0.03571428571428571 0.03571428571428571 -0.6813520961254864 0.03571428571428571 0.03571428571428571 0.03571428571428571 0.03571428571428571 -1.066778749958335 0.03571428571428571 0.03571428571428571 4.391362727165715 0.03571428571428571
 0.03571428571428571 0.03571428571428571 0.03571428571428571 0.03571428571428571 0.03571428571428571 0.03571428571428571 0.03571428571428571 0.03571428571428571 0.03571428571428571 -1.263842769892764 -1.200817682786706 0.03571428571428571 0.03571428571428571 0.03571428571428571 0.03571428571428571 0.03571428571428571 0.03571428571428571 0.03571428571428571 -0.6813520957617422 0.03571428571428571 0.03571428571428571 0.03571428571428571 -1.066778750498206 0.03571428571428571 0.03571428571428571 0.03571428571428571 0.03571428571428571 4.391362727510847


# name: ASEM
# type: matrix
# rows: 28
# columns: 28
 1.274060771783394 0.05291558803550961 0.05291558811596456 -1.133125744869185 0.5111320951176884 -0.1776673908810957 0.1206289823424264 0.004026758226469425 0.05330964092670621 0.2223501674235433 0.3379987134035303 0.2223501674882868 0.05330964080006437 -1.133125744871702 0.511132095124898 -0.1776673908624532 0.1206289824143778 0.004026758097309645 1.119579039560916 -0.1259626481918705 1.256689225653029 -0.1259626484661264 0.5337499381758849 0.5337499378011675 -0.8375096492232937 -0.8375096492893785 -0.7180116120723532 -0.7180116117637073
 0.05291558803550966 0.6937530491905766 0.03821980616886418 0.009683279213152981 0.07446221446630324 -0.03705065732743811 0.2125927163616924 -0.8591752636643893 -0.3852239436677565 0.02638246626354342 0.09528463661355766 -0.01731200660912829 0.06464853955356853 0.06145209661186161 0.1623005846491223 0.1802530958944818 0.09328063395881937 0.0158814810303615 0.6559083213920892 0.03643504710924823 -0.07124260315199323 1.054803593013875 -0.5257206654627944 -0.32419681055373 0.3182959826024281 -0.4068949864532044 0.2259990037206078 -0.4457351989592301
 0.0529155881159644 0.03821980616886445 0.6937530492826505 0.06145209649362256 0.1623005847509993 0.1802530958976812 0.09328063394884618 0.01588148104352568 0.06464853954814431 -0.01731200655583628 0.09528463668080561 0.0263824663909324 -0.3852239438181154 0.009683279092033471 0.07446221457643207 -0.03705065730289747 0.2125927164340662 -0.8591752637990285 0.6559083224004493 1.054803593293774 -0.07124260294518096 0.03643504707530207 -0.3241968104236846 -0.5257206657615872 -0.4068949867817417 0.3182959821982546 -0.4457351995186597 0.2259990035143838
 -1.133125744869185 0.009683279213153088 0.06145209649362248 3.581969580479435 -0.9849465686035951 0.4881455067851523 -0.1501602292421173 0.08941507144787968 -0.02340115690367071 -0.3163372342254947 -0.4154576945730494 -0.1686017127724549 0.01774290856281514 0.7134138436091443 -0.2524594208249281 0.06219458960605017 0.1092405653720183 -0.03944382917388124 -1.576563001613887 0.198058754017361 -3.442198980246505 0.4196576954434736 -0.9414767145476349 -0.5925259735630864 1.542385388769307 1.424102167121642 0.9974716963733613 1.321765117865076
 0.5111320951176885 0.07446221446630293 0.1623005847510008 -0.9849465686035973 3.253915718490881 -0.6092611805514051 0.3119721327093671 -0.06476519422495346 0.1176224709162982 0.3279621252004846 0.2994424176723712 0.1109567185126651 -0.1294964650955419 -0.2524594208175307 0.1828493058299562 -0.03804676142599982 0.1716666793787941 -0.1845305612541044 1.463765376030819 0.408146642763829 0.1178335412786485 -0.3789685254000192 0.9369310303731627 -0.2648009687285469 -3.1230847253432 -0.001578194325054447 -0.4966002894948546 -0.9224201982274619
 -0.1776673908810956 -0.0370506573274384 0.1802530958976846 0.488145506785154 -0.6092611805514038 3.15238502274082 -0.4829886044183705 0.2301469456498423 -0.06027740849456342 -0.2113209520598573 -0.136226453469232 0.2374419608759361 -0.2098393983009017 0.0621945896333541 -0.03804676144932219 -0.0160905183003056 0.1142131499387222 -0.1469554574238611 0.2225982444492212 0.3891747535055859 0.05099242903407755 0.5281657400555271 -2.773473491608788 -0.1656183478832008 -0.6263608278443766 0.3751790814982549 -0.3961033875299876 1.056390317478527
 0.1206289823424259 0.2125927163616925 0.0932806339488475 -0.1501602292421176 0.311972132709367 -0.4829886044183708 3.107796703329157 -0.5373425111541233 0.2262213059965196 0.3764255697769835 -0.1531499091739553 0.1720187079715992 -0.08715046794363664 0.1092405654780691 0.1716666792867873 0.1142131499335455 0.04907914385135734 -0.007213388318240775 0.4560395315529686 0.1438254931701466 -0.2005985974305651 -2.105816310921289 -1.073815400458089 -0.08226806365808031 0.5004282777924799 -0.3902069731237234 -0.0666315479926772 0.17191241033292
 0.004026758226469807 -0.85917526366439 0.0158814810435274 0.0894150714478783 -0.0647651942249516 0.2301469456498397 -0.5373425111541176 3.214124801112414 -1.130624135852787 0.2747421257899308 -0.03106551844572589 0.04429317336065493 0.05635418744502358 -0.03944382936410687 -0.1845305610893723 -0.1469554574156661 -0.007213388322475166 0.06858930049972922 -0.7825534512652751 -0.04570895609507314 0.3069273211510919 -1.461323726895383 1.095809393165407 0.3962138626429096 -0.5614470245470607 0.7510775196055873 0.009285091697194617 0.2952619854987275
 0.05330964092670554 -0.3852239436677543 0.06464853954814359 -0.02340115690366911 0.117622470916295 -0.06027740849456188 0.2262213059965135 -1.130624135852789 3.977504026273653 0.1626240615991388 -0.2015813969176646 0.2437709224692332 -0.1076941879291981 0.01774290837686746 -0.129496464935664 -0.2098393982971203 -0.08715046796418417 0.05635418747445503 -1.013584230393721 0.1146678044485645 0.1307413488650586 -3.582571619549756 0.9073752979110669 0.7311719849979859 -0.3002431189602282 0.6575309592082111 -0.4849977629126482 1.255399833767068
 0.2223501674235454 0.02638246626354195 -0.0173120065558351 -0.3163372342255021 0.3279621252004895 -0.2113209520598607 0.3764255697769863 0.274742125789929 0.1626240615991442 4.302097139377859 0.3278639381368754 -0.2472951133301571 0.2437709223897175 -0.1686017126789762 0.1109567184354583 0.2374419608857041 0.1720187080272811 0.04429317326450141 1.252754158363364 -0.1822043699554677 0.5110367702395235 -2.549657459514625 0.5604498934671965 -0.664385053518215 -0.5048513523242485 -0.3856224877426111 0.9248044430429015 -3.830386599778522
 0.3379987134035332 0.09528463661355929 0.09528463668080359 -0.4154576945730579 0.299442417672373 -0.1362264534692297 -0.1531499091739566 -0.0310655184457256 -0.2015813969176688 0.3278639381368763 4.423489308609843 0.3278639381909808 -0.2015813970235195 -0.4154576945751661 0.2994424176783991 -0.1362264534536479 -0.1531499091138132 -0.03106551855368019 0.9416167546729477 0.603970538294306 0.8309605703502151 0.6039705380650745 1.014326578364737 1.01432657805153 -0.6636315907550184 -0.6636315908102409 -3.506808219089202 -3.506808218831247
 0.2223501674882882 -0.01731200660912909 0.02638246639093388 -0.1686017127724555 0.1109567185126653 0.2374419608759364 0.1720187079716002 0.04429317336065335 0.243770922469237 -0.2472951133301572 0.3278639381909774 4.302097139523249 0.1626240613942658 -0.3163372343246353 0.3279621252938836 -0.2113209520277554 0.3764255698828847 0.2747421255960082 1.252754159174828 -2.549657459107682 0.5110367704059404 -0.1822043701644531 -0.6643850531653618 0.5604498929785149 -0.3856224879632248 -0.5048513526932602 -3.830386600433157 0.9248044430814065
 0.0533096408000644 0.06464853955356861 -0.3852239438181169 0.01774290856281297 -0.1294964650955434 -0.2098393983009028 -0.08715046794363758 0.05635418744502667 -0.107694187929201 0.2437709223897176 -0.201581397023518 0.1626240613942624 3.977504026518867 -0.02340115671285619 0.1176224707424635 -0.06027740853445321 0.226221305877755 -1.130624135632134 -1.013584231980947 -3.582571620008855 0.130741348539534 0.1146678045204894 0.7311719847680324 0.907375298406657 0.6575309597208956 -0.3002431183195841 1.255399834668458 -0.4849977626088553
 -1.133125744871702 0.06145209661186138 0.009683279092033176 0.7134138436091449 -0.2524594208175314 0.06219458963335429 0.1092405654780696 -0.03944382936410644 0.01774290837686557 -0.1686017126789732 -0.4154576945751626 -0.3163372343246322 -0.02340115671285676 3.581969580486923 -0.9849465686176438 0.4881455067569935 -0.1501602293501269 0.08941507164191685 -1.576563001645436 0.4196576950316649 -3.442198980252966 0.198058754421476 -0.5925259741178558 -0.9414767139876002 1.424102167034804 1.542385388879073 1.321765118336183 0.9974716959262275
 0.5111320951248981 0.1623005846491199 0.07446221457643235 -0.2524594208249296 0.182849305829957 -0.03804676144932199 0.1716666792867866 -0.1845305610893695 -0.1294964649356613 0.1109567184354588 0.2994424176783992 0.3279621252938835 0.1176224707424648 -0.984946568617645 3.253915718509875 -0.609261180525599 0.3119721328069667 -0.06476519440057656 1.463765376121161 -0.3789685250276553 0.1178335412971822 0.4081466424134992 -0.2648009682423839 0.9369310298718906 -0.001578194270819108 -3.123084725463088 -0.9224201986684187 -0.4966002891225096
 -0.1776673908624521 0.1802530958944796 -0.03705065730289814 0.0621945896060497 -0.0380467614259993 -0.01609051830030525 0.1142131499335471 -0.146955457415665 -0.209839398297118 0.2374419608857039 -0.1362264534536503 -0.2113209520277551 -0.06027740853445382 0.4881455067569927 -0.6092611805255976 3.152385022747255 -0.4829886043987333 0.2301469456135062 0.2225982446828946 0.5281657401313018 0.05099242908199503 0.3891747534867974 -0.1656183478381483 -2.773473491692954 0.375179081424758 -0.6263608279406663 1.056390317336592 -0.3961033875654806
 0.1206289824143781 0.093280633958819 0.2125927164340662 0.1092405653720169 0.1716666793787953 0.1142131499387196 0.04907914385135682 -0.007213388322475887 -0.08715046796418296 0.1720187080272828 -0.1531499091138119 0.3764255698828828 0.2262213058777551 -0.1501602293501264 0.3119721328069651 -0.4829886043987321 3.107796703384968 -0.5373425112585463 0.4560395324547691 -2.105816310704948 -0.2005985972456143 0.143825493173778 -0.08226806358822238 -1.073815400678872 -0.3902069734257387 0.5004282774392135 0.1719124098708609 -0.0666315482153591
 0.004026758097309686 0.01588148103036086 -0.8591752637990283 -0.0394438291738804 -0.1845305612541033 -0.1469554574238566 -0.007213388318239075 0.06858930049973047 0.05635418747445561 0.0442931732645024 -0.03106551855368496 0.2747421255960117 -1.130624135632136 0.08941507164191614 -0.06476519440057606 0.2301469456135057 -0.5373425112585476 3.214124801307422 -0.7825534528840542 -1.461323727299826 0.3069273208190793 -0.04570895608545147 0.3962138624954601 1.095809393583751 0.7510775201438309 -0.5614470239090331 0.2952619863463145 0.009285092078764892
 1.119579039560918 0.6559083213920857 0.655908322400453 -1.576563001613893 1.463765376030823 0.2225982444492252 0.4560395315529714 -0.7825534512652758 -1.013584230393715 1.252754158363361 0.9416167546729296 1.252754159174825 -1.013584231980945 -1.57656300164544 1.463765376121162 0.2225982446828971 0.4560395324547701 -0.7825534528840591 13.6199130385146 1.692425937113709 2.821773574794239 1.692425933676452 -1.101013035992252 -1.101013040688696 -4.899671746250794 -4.899671747078992 -5.121547304514806 -5.121547300646551
 -0.1259626481918716 0.03643504710924948 1.054803593293778 0.1980587540173633 0.4081466427638309 0.3891747535055877 0.1438254931701483 -0.04570895609507647 0.1146678044485646 -0.1822043699554699 0.603970538294309 -2.549657459107679 -3.582571620008858 0.4196576950316661 -0.3789685250276522 0.5281657401312998 -2.105816310704947 -1.461323727299831 1.692425937113712 10.36462466177487 -0.5091621182222951 0.2193576979088364 -0.7725374904530622 -3.111202517155183 -1.191077861416359 1.253184842194392 -0.4615653999654551 0.05125980284612679
 1.25668922565303 -0.07124260315199239 -0.07124260294518239 -3.442198980246507 0.1178335412786442 0.05099242903408198 -0.2005985974305681 0.3069273211510903 0.1307413488650617 0.5110367702395134 0.8309605703501992 0.5110367704059365 0.1307413485395316 -3.442198980252965 0.1178335412971756 0.05099242908199773 -0.2005985972456167 0.3069273208190818 2.821773574794229 -0.5091621182222906 9.857796415890222 -0.5091621189272655 1.632863017943275 1.632863016980069 -3.49423988461283 -3.494239884782694 -1.916562137649299 -1.916562136855923
 -0.1259626484661264 1.054803593013874 0.03643504707529932 0.4196576954434768 -0.3789685254000198 0.5281657400555303 -2.105816310921288 -1.461323726895376 -3.582571619549765 -2.549657459514618 0.6039705380650693 -0.1822043701644499 0.1146678045204888 0.1980587544214756 0.4081466424135056 0.3891747534868019 0.143825493173778 -0.04570895608544788 1.692425933676459 0.2193576979088336 -0.5091621189272696 10.3646246609365 -3.111202516294807 -0.7725374907382112 1.253184843544223 -1.191077860268555 0.05125980367932233 -0.4615653981887048
 0.5337499381758858 -0.5257206654627923 -0.3241968104236889 -0.9414767145476414 0.9369310303731636 -2.773473491608787 -1.073815400458093 1.095809393165407 0.9073752979110654 0.5604498934671882 1.014326578364737 -0.6643850531653613 0.7311719847680271 -0.5925259741178556 -0.2648009682423914 -0.1656183478381477 -0.08226806358822823 0.3962138624954684 -1.101013035992249 -0.7725374904530556 1.632863017943283 -3.111202516294802 10.69679434641412 0.6012626000585203 -2.999785029928335 0.908227356224162 1.040429535483963 -4.662785272723565
 0.5337499378011656 -0.3241968105537273 -0.5257206657615913 -0.5925259735630848 -0.2648009687285537 -0.1656183478831983 -0.08226806365808446 0.3962138626429095 0.7311719849979827 -0.6643850535182181 1.014326578051526 0.560449892978511 0.9073752984066579 -0.9414767139875998 0.9369310298718884 -2.773473491692952 -1.073815400678875 1.095809393583756 -1.101013040688698 -3.111202517155184 1.632863016980071 -0.7725374907382049 0.6012626000585161 10.69679434720011 0.9082273578611486 -2.999785028152721 -4.662785270616846 1.040429536943297
 -0.8375096492232946 0.3182959826024271 -0.4068949867817458 1.542385388769312 -3.1230847253432 -0.6263608278443783 0.5004282777924829 -0.5614470245470597 -0.3002431189602314 -0.5048513523242403 -0.6636315907550087 -0.3856224879632231 0.6575309597208953 1.424102167034804 -0.001578194270811392 0.375179081424758 -0.3902069734257374 0.751077520143834 -4.899671746250785 -1.191077861416357 -3.494239884612838 1.253184843544223 -2.999785029928333 0.9082273578611422 10.45147955228332 -0.9187020498254892 2.11195176552281 2.011064606772725
 -0.8375096492893795 -0.4068949864531998 0.3182959821982584 1.424102167121646 -0.001578194325050228 0.3751790814982517 -0.3902069731237224 0.7510775196055849 0.6575309592082055 -0.3856224877426072 -0.6636315908102298 -0.504851352693258 -0.3002431183195866 1.542385388879076 -3.123084725463087 -0.6263608279406693 0.5004282774392157 -0.5614470239090378 -4.899671747078988 1.253184842194396 -3.494239884782705 -1.191077860268548 0.9082273562241581 -2.999785028152723 -0.9187020498254849 10.4514795528851 2.011064608492561 2.111951764431827
 -0.7180116120723541 0.2259990037206062 -0.4457351995186626 0.9974716963733634 -0.4966002894948539 -0.3961033875299927 -0.06663154799267761 0.009285091697198114 -0.4849977629126496 0.9248044430429029 -3.506808219089193 -3.830386600433156 1.255399834668456 1.321765118336186 -0.922420198668418 1.056390317336592 0.1719124098708579 0.295261986346318 -5.121547304514817 -0.4615653999654497 -1.916562137649309 0.05125980367932038 1.040429535483971 -4.662785270616848 2.111951765522817 2.011064608492567 12.67661230677658 -0.1194529908893647
 -0.7180116117637126 -0.445735198959228 0.2259990035143874 1.321765117865094 -0.9224201982274696 1.056390317478528 0.1719124103329203 0.2952619854987243 1.255399833767066 -3.83038659977852 -3.506808218831241 0.924804443081404 -0.4849977626088533 0.9974716959262336 -0.4966002891225091 -0.3961033875654858 -0.06663154821535248 0.009285092078758425 -5.121547300646568 0.05125980284612409 -1.916562136855951 -0.4615653981887008 -4.662785272723572 1.04042953694329 2.011064606772742 2.111951764431841 -0.1194529908893574 12.67661230383941


