# Created by Octave 4.2.1, Wed Feb 28 12:25:18 2018 EST <timwar@Tims-MacBook-Pro-3.local>
# name: r
# type: global matrix
# rows: 45
# columns: 1
 -1
 1
 -1
 -0.89975799541146
 -0.677186279510738
 -0.363117463826178
 0
 0.363117463826178
 0.677186279510738
 0.89975799541146
 0.89975799541146
 0.677186279510738
 0.363117463826178
 0
 -0.363117463826178
 -0.677186279510738
 -0.89975799541146
 -1
 -1
 -1
 -1
 -1
 -1
 -1
 -0.9060629298
 -0.9060629298
 0.8121258596000001
 -0.5933064407999999
 -0.5933064407999999
 0.1866128816
 -0.2189007568
 -0.2189007568
 -0.5621984864
 0.1083287344
 -0.8319229134
 -0.276405821
 -0.8319229134
 -0.276405821
 0.1083287344
 0.5038131132
 -0.8640923306
 -0.6397207826
 -0.8640923306
 -0.6397207826
 0.5038131132


# name: s
# type: global matrix
# rows: 45
# columns: 1
 -1
 -1
 1
 -1
 -1
 -1
 -1
 -1
 -1
 -1
 -0.89975799541146
 -0.677186279510738
 -0.363117463826178
 0
 0.363117463826178
 0.677186279510738
 0.89975799541146
 -0.89975799541146
 -0.677186279510738
 -0.363117463826178
 0
 0.363117463826178
 0.677186279510738
 0.89975799541146
 0.8121258596000001
 -0.9060629298
 -0.9060629298
 0.1866128816
 -0.5933064407999999
 -0.5933064407999999
 -0.5621984864
 -0.2189007568
 -0.2189007568
 -0.8319229134
 0.1083287344
 -0.8319229134
 -0.276405821
 0.1083287344
 -0.276405821
 -0.8640923306
 0.5038131132
 -0.8640923306
 -0.6397207826
 0.5038131132
 -0.6397207826


# name: AFEM
# type: matrix
# rows: 45
# columns: 45
 0.9635466661106137 0.02222222222222222 0.02222222222222222 -0.4148806478329048 0.02222222222222222 0.02222222222222222 0.02222222222222222 0.02222222222222222 0.02222222222222222 0.02222222222222222 0.02222222222222222 0.02222222222222222 0.02222222222222222 0.02222222222222222 0.02222222222222222 0.02222222222222222 0.02222222222222222 -0.4148806478329051 0.02222222222222222 0.02222222222222222 0.02222222222222222 0.02222222222222222 0.02222222222222222 0.02222222222222222 0.02222222222222222 -0.04489648155591486 0.02222222222222222 0.02222222222222222 0.02222222222222222 0.02222222222222222 0.02222222222222222 0.02222222222222222 0.02222222222222222 0.02222222222222222 0.02222222222222222 0.02222222222222222 0.02222222222222222 0.02222222222222222 0.02222222222222222 0.02222222222222222 0.02222222222222222 0.02222222222222222 0.02222222222222222 0.02222222222222222 0.02222222222222222
 0.02222222222222222 0.5222222222222219 0.02222222222222222 0.02222222222222222 0.02222222222222222 0.02222222222222222 0.02222222222222222 0.02222222222222222 0.02222222222222222 -0.4777777777777779 0.02222222222222278 0.02222222222222222 0.02222222222222222 0.02222222222222222 0.02222222222222222 0.02222222222222222 0.02222222222222222 0.02222222222222222 0.02222222222222222 0.02222222222222222 0.02222222222222222 0.02222222222222222 0.02222222222222222 0.02222222222222222 0.02222222222222222 0.02222222222222222 0.02222222222222222 0.02222222222222222 0.02222222222222222 0.02222222222222222 0.02222222222222222 0.02222222222222222 0.02222222222222222 0.02222222222222222 0.02222222222222222 0.02222222222222222 0.02222222222222222 0.02222222222222222 0.02222222222222222 0.02222222222222222 0.02222222222222222 0.02222222222222222 0.02222222222222222 0.02222222222222222 0.02222222222222222
 0.02222222222222222 0.02222222222222222 0.5222222222222219 0.02222222222222222 0.02222222222222222 0.02222222222222222 0.02222222222222222 0.02222222222222222 0.02222222222222222 0.02222222222222222 0.02222222222222222 0.02222222222222222 0.02222222222222222 0.02222222222222222 0.02222222222222222 0.02222222222222222 0.02222222222222187 0.02222222222222222 0.02222222222222222 0.02222222222222222 0.02222222222222222 0.02222222222222222 0.02222222222222222 -0.4777777777777771 0.02222222222222222 0.02222222222222222 0.02222222222222222 0.02222222222222222 0.02222222222222222 0.02222222222222222 0.02222222222222222 0.02222222222222222 0.02222222222222222 0.02222222222222222 0.02222222222222222 0.02222222222222222 0.02222222222222222 0.02222222222222222 0.02222222222222222 0.02222222222222222 0.02222222222222222 0.02222222222222222 0.02222222222222222 0.02222222222222222 0.02222222222222222
 -0.4148806478329048 0.02222222222222222 0.02222222222222222 2.423106188004052 -0.2233143093405976 0.02222222222222222 0.02222222222222222 0.02222222222222222 0.02222222222222222 0.02222222222222222 0.02222222222222222 0.02222222222222222 0.02222222222222222 0.02222222222222222 0.02222222222222222 0.02222222222222222 0.02222222222222222 0.02222222222222222 0.02222222222222222 0.02222222222222222 0.02222222222222222 0.02222222222222222 0.02222222222222222 0.02222222222222222 0.02222222222222222 -1.696022341941661 0.02222222222222222 0.02222222222222222 0.02222222222222222 0.02222222222222222 0.02222222222222222 0.02222222222222222 0.02222222222222222 0.02222222222222222 0.02222222222222222 0.02222222222222222 0.02222222222222222 0.02222222222222222 0.02222222222222222 0.02222222222222222 0.02222222222222222 0.02222222222222222 0.02222222222222222 0.02222222222222222 0.02222222222222222
 0.02222222222222222 0.02222222222222222 0.02222222222222222 -0.2233143093405976 2.396588131815556 -0.0727518346722343 0.02222222222222222 0.02222222222222222 0.02222222222222222 0.02222222222222222 0.02222222222222222 0.02222222222222222 0.02222222222222222 0.02222222222222222 0.02222222222222222 0.02222222222222222 0.02222222222222222 0.02222222222222222 0.02222222222222222 0.02222222222222222 0.02222222222222222 0.02222222222222222 0.02222222222222222 0.02222222222222222 0.02222222222222222 -0.1706811661989936 0.02222222222222222 0.02222222222222222 0.02222222222222222 0.02222222222222222 0.02222222222222222 0.02222222222222222 0.02222222222222222 0.02222222222222222 0.02222222222222222 0.02222222222222222 0.02222222222222222 0.02222222222222222 0.02222222222222222 0.02222222222222222 0.02222222222222222 -1.818729710492619 0.02222222222222222 0.02222222222222222 0.02222222222222222
 0.02222222222222222 0.02222222222222222 0.02222222222222222 0.02222222222222222 -0.0727518346722343 2.253784514324731 -0.01286038592381253 0.02222222222222222 0.02222222222222222 0.02222222222222222 0.02222222222222222 0.02222222222222222 0.02222222222222222 0.02222222222222222 0.02222222222222222 0.02222222222222222 0.02222222222222222 0.02222222222222222 0.02222222222222222 0.02222222222222222 0.02222222222222222 0.02222222222222222 0.02222222222222222 0.02222222222222222 0.02222222222222222 0.02222222222222222 0.02222222222222222 0.02222222222222222 0.02222222222222222 0.02222222222222222 0.02222222222222222 0.02222222222222222 0.02222222222222222 0.02222222222222222 0.02222222222222222 -1.62475843089278 0.02222222222222222 0.02222222222222222 0.02222222222222222 0.02222222222222222 0.02222222222222222 -0.4323027517247928 0.02222222222222222 0.02222222222222222 0.02222222222222222
 0.02222222222222222 0.02222222222222222 0.02222222222222222 0.02222222222222222 0.02222222222222222 -0.01286038592381253 2.223043630327892 0.0169055902785461 0.02222222222222222 0.02222222222222222 0.02222222222222222 0.02222222222222222 0.02222222222222222 0.02222222222222222 0.02222222222222222 0.02222222222222222 0.02222222222222222 0.02222222222222222 0.02222222222222222 0.02222222222222222 0.02222222222222222 0.02222222222222222 0.02222222222222222 0.02222222222222222 0.02222222222222222 0.02222222222222222 0.02222222222222222 0.02222222222222222 0.02222222222222222 0.02222222222222222 0.02222222222222222 0.02222222222222222 0.02222222222222222 -1.557988861785757 0.02222222222222222 -0.5579888617857574 0.02222222222222222 0.02222222222222222 0.02222222222222222 0.02222222222222222 0.02222222222222222 0.02222222222222222 0.02222222222222222 0.02222222222222222 0.02222222222222222
