# Created by Octave 4.2.1, Wed Feb 28 12:25:16 2018 EST <timwar@Tims-MacBook-Pro-3.local>
# name: r
# type: global matrix
# rows: 21
# columns: 1
 -1
 1
 -1
 -0.765055323929465
 -0.285231516480645
 0.285231516480645
 0.765055323929465
 0.765055323929465
 0.285231516480645
 -0.285231516480645
 -0.765055323929465
 -1
 -1
 -1
 -1
 -0.6849636976
 -0.6849636976
 0.3699273952
 -0.178969698
 -0.178969698
 -0.642060604


# name: s
# type: global matrix
# rows: 21
# columns: 1
 -1
 -1
 1
 -1
 -1
 -1
 -1
 -0.765055323929465
 -0.285231516480645
 0.285231516480645
 0.765055323929465
 -0.765055323929465
 -0.285231516480645
 0.285231516480645
 0.765055323929465
 0.3699273952
 -0.6849636976
 -0.6849636976
 -0.642060604
 -0.178969698
 -0.178969698


# name: AFEM
# type: matrix
# rows: 21
# columns: 21
 1.047619047619047 0.04761904761904762 0.04761904761904762 -0.4523809523809519 0.04761904761904762 0.04761904761904762 0.04761904761904762 0.04761904761904762 0.04761904761904762 0.04761904761904762 0.04761904761904762 -0.4523809523809522 0.04761904761904762 0.04761904761904762 0.04761904761904762 0.04761904761904762 0.04761904761904762 0.04761904761904762 0.04761904761904762 0.04761904761904762 0.04761904761904762
 0.04761904761904762 0.5476190476190477 0.04761904761904762 0.04761904761904762 0.04761904761904762 0.04761904761904762 -0.4523809523809527 0.04761904761904787 0.04761904761904762 0.04761904761904762 0.04761904761904762 0.04761904761904762 0.04761904761904762 0.04761904761904762 0.04761904761904762 0.04761904761904762 0.04761904761904762 0.04761904761904762 0.04761904761904762 0.04761904761904762 0.04761904761904762
 0.04761904761904762 0.04761904761904762 0.5476190476190476 0.04761904761904762 0.04761904761904762 0.04761904761904762 0.04761904761904762 0.04761904761904762 0.04761904761904762 0.04761904761904762 0.04761904761904755 0.04761904761904762 0.04761904761904762 0.04761904761904762 -0.4523809523809523 0.04761904761904762 0.04761904761904762 0.04761904761904762 0.04761904761904762 0.04761904761904762 0.04761904761904762
 -0.4523809523809519 0.04761904761904762 0.04761904761904762 1.97352659334792 -0.1747672259606194 0.04761904761904762 0.04761904761904762 0.04761904761904762 0.04761904761904762 0.04761904761904762 0.04761904761904762 -0.2241777765383821 0.04761904761904762 0.04761904761904762 0.04761904761904762 0.04761904761904762 -0.8841054003727284 0.04761904761904762 0.04761904761904762 0.04761904761904762 0.04761904761904762
 0.04761904761904762 0.04761904761904762 0.04761904761904762 -0.1747672259606195 1.968775809666391 -0.1453220500909884 0.04761904761904762 0.04761904761904762 0.04761904761904762 0.04761904761904762 0.04761904761904762 0.04761904761904762 0.04761904761904762 0.04761904761904762 0.04761904761904762 0.04761904761904762 -0.2752537626946212 0.04761904761904762 -1.135337532824923 0.04761904761904762 0.04761904761904762
 0.04761904761904762 0.04761904761904762 0.04761904761904762 0.04761904761904762 -0.1453220500909884 2.092147013089314 -0.169969368582126 0.04761904761904762 0.04761904761904762 0.04761904761904762 0.04761904761904762 0.04761904761904762 0.04761904761904762 0.04761904761904762 0.04761904761904762 0.04761904761904762 0.04761904761904762 -1.344564909272327 -0.1941954470486347 0.04761904761904762 0.04761904761904762
 0.04761904761904762 -0.4523809523809528 0.04761904761904762 0.04761904761904762 0.04761904761904762 -0.1699693685821259 2.275074990640285 -1.429175049643953 0.04761904761904762 0.04761904761904762 0.04761904761904762 0.04761904761904762 0.04761904761904762 0.04761904761904762 0.04761904761904762 0.04761904761904762 0.04761904761904762 0.01454561806198498 0.04761904761904762 0.04761904761904762 0.04761904761904762
 0.04761904761904762 0.04761904761904787 0.04761904761904762 0.04761904761904762 0.04761904761904762 0.04761904761904762 -1.429175049643953 2.475317040862407 0.2642109923181005 0.04761904761904762 0.04761904761904762 0.04761904761904762 0.04761904761904762 0.04761904761904762 0.04761904761904762 0.04761904761904762 0.04761904761904762 -1.119876793060364 0.04761904761904762 0.04761904761904762 0.04761904761904762
 0.04761904761904762 0.04761904761904762 0.04761904761904762 0.04761904761904762 0.04761904761904762 0.04761904761904762 0.04761904761904762 0.2642109923181005 2.341768358008082 0.2891909996516622 0.04761904761904762 0.04761904761904762 0.04761904761904762 0.04761904761904762 0.04761904761904762 0.04761904761904762 0.04761904761904762 -1.261554976450703 -0.214301727702453 -1.133599360110403 0.04761904761904762
 0.04761904761904762 0.04761904761904762 0.04761904761904762 0.04761904761904762 0.04761904761904762 0.04761904761904762 0.04761904761904762 0.04761904761904762 0.2891909996516622 2.341768358008082 0.2642109923181005 0.04761904761904762 0.04761904761904762 0.04761904761904762 0.04761904761904762 -1.261554976450703 0.04761904761904762 0.04761904761904762 0.04761904761904762 -1.133599360110403 -0.214301727702453
 0.04761904761904762 0.04761904761904762 0.04761904761904755 0.04761904761904762 0.04761904761904762 0.04761904761904762 0.04761904761904762 0.04761904761904762 0.04761904761904762 0.2642109923181005 2.475317040862407 0.04761904761904762 0.04761904761904762 0.04761904761904762 -1.429175049643953 -1.119876793060364 0.04761904761904762 0.04761904761904762 0.04761904761904762 0.04761904761904762 0.04761904761904762
 -0.4523809523809522 0.04761904761904762 0.04761904761904762 -0.2241777765383821 0.04761904761904762 0.04761904761904762 0.04761904761904762 0.04761904761904762 0.04761904761904762 0.04761904761904762 0.04761904761904762 1.97352659334792 -0.1747672259606193 0.04761904761904762 0.04761904761904762 0.04761904761904762 -0.8841054003727289 0.04761904761904762 0.04761904761904762 0.04761904761904762 0.04761904761904762
 0.04761904761904762 0.04761904761904762 0.04761904761904762 0.04761904761904762 0.04761904761904762 0.04761904761904762 0.04761904761904762 0.04761904761904762 0.04761904761904762 0.04761904761904762 0.04761904761904762 -0.1747672259606194 1.96877580966639 -0.1453220500909884 0.04761904761904762 0.04761904761904762 -0.2752537626946213 0.04761904761904762 0.04761904761904762 0.04761904761904762 -1.135337532824923
 0.04761904761904762 0.04761904761904762 0.04761904761904762 0.04761904761904762 0.04761904761904762 0.04761904761904762 0.04761904761904762 0.04761904761904762 0.04761904761904762 0.04761904761904762 0.04761904761904762 0.04761904761904762 -0.1453220500909884 2.092147013089314 -0.169969368582126 -1.344564909272327 0.04761904761904762 0.04761904761904762 0.04761904761904762 0.04761904761904762 -0.1941954470486347
 0.04761904761904762 0.04761904761904762 -0.4523809523809523 0.04761904761904762 0.04761904761904762 0.04761904761904762 0.04761904761904762 0.04761904761904762 0.04761904761904762 0.04761904761904762 -1.429175049643953 0.04761904761904762 0.04761904761904762 -0.169969368582126 2.275074990640284 0.01454561806198494 0.04761904761904762 0.04761904761904762 0.04761904761904762 0.04761904761904762 0.04761904761904762
 0.04761904761904762 0.04761904761904762 0.04761904761904762 0.04761904761904762 0.04761904761904762 0.04761904761904762 0.04761904761904762 0.04761904761904762 0.04761904761904762 -1.261554976450703 -1.119876793060364 0.04761904761904762 0.04761904761904762 -1.344564909272327 0.01454561806198493 4.396960876438131 0.04761904761904762 0.04761904761904762 0.04761904761904762 0.04761904761904762 -0.3997955300024362
 0.04761904761904762 0.04761904761904762 0.04761904761904762 -0.8841054003727287 -0.2752537626946213 0.04761904761904762 0.04761904761904762 0.04761904761904762 0.04761904761904762 0.04761904761904762 0.04761904761904762 -0.8841054003727289 -0.2752537626946213 0.04761904761904762 0.04761904761904762 0.04761904761904762 3.79859224777386 0.04761904761904762 -0.5732702941529133 0.04761904761904762 -0.5732702941529133
 0.04761904761904762 0.04761904761904762 0.04761904761904762 0.04761904761904762 0.04761904761904762 -1.344564909272327 0.01454561806198498 -1.119876793060364 -1.261554976450703 0.04761904761904762 0.04761904761904762 0.04761904761904762 0.04761904761904762 0.04761904761904762 0.04761904761904762 0.04761904761904762 0.04761904761904762 4.396960876438131 -0.3997955300024366 0.04761904761904762 0.04761904761904762
 0.04761904761904762 0.04761904761904762 0.04761904761904762 0.04761904761904762 -1.135337532824923 -0.1941954470486347 0.04761904761904762 0.04761904761904762 -0.214301727702453 0.04761904761904762 0.04761904761904762 0.04761904761904762 0.04761904761904762 0.04761904761904762 0.04761904761904762 0.04761904761904762 -0.5732702941529133 -0.3997955300024366 3.801024166150037 -0.8653865802797678 -0.03778467318652766
 0.04761904761904762 0.04761904761904762 0.04761904761904762 0.04761904761904762 0.04761904761904762 0.04761904761904762 0.04761904761904762 0.04761904761904762 -1.133599360110403 -1.133599360110403 0.04761904761904762 0.04761904761904762 0.04761904761904762 0.04761904761904762 0.04761904761904762 0.04761904761904762 0.04761904761904762 0.04761904761904762 -0.8653865802797678 4.236067118875581 -0.865386580279768
 0.04761904761904762 0.04761904761904762 0.04761904761904762 0.04761904761904762 0.04761904761904762 0.04761904761904762 0.04761904761904762 0.04761904761904762 0.04761904761904762 -0.214301727702453 0.04761904761904762 0.04761904761904762 -1.135337532824923 -0.1941954470486347 0.04761904761904762 -0.3997955300024362 -0.5732702941529133 0.04761904761904762 -0.03778467318652766 -0.865386580279768 3.801024166150036


# name: ASEM
# type: matrix
# rows: 21
# columns: 21
 1.143931746524834 0.02829263114549584 0.02829263114549641 -0.8500748251800532 0.4089043631860321 -0.1223326302445231 0.1029800686394491 0.001196120667015396 -0.1556820131438903 -0.1556820131438896 0.001196120667013342 -0.8500748251800476 0.4089043631860335 -0.1223326302445215 0.1029800686394489 0.3417855793481495 0.7591797088386907 0.3417855793481475 -0.5604098511290598 0.7075696580592457 -0.5604098511290663
 0.02829263114549582 0.6125807041176687 0.05558955417328436 0.08128352943083716 -0.03303696633081765 0.2280861191322637 -0.7022432764817506 -0.1593034854658803 0.02097122270020235 0.09887941125680674 -0.01494326825043156 -0.002754630590458149 -0.07290786609550136 -0.02831645008718454 0.05450697091145888 0.1498654420696073 0.2521272056434993 0.6575559495091348 -0.3541832656119496 -0.2944230201906261 0.4223734890143404
 0.02829263114549608 0.05558955417328452 0.6125807041176672 -0.002754630590459127 -0.07290786609550164 -0.02831645008718438 0.05450697091145936 -0.01494326825043267 0.09887941125680562 0.02097122270020138 -0.1593034854658776 0.08128352943083669 -0.03303696633081678 0.2280861191322647 -0.7022432764817528 0.6575559495091372 0.2521272056435002 0.1498654420696088 0.4223734890143417 -0.294423020190627 -0.3541832656119517
 -0.8500748251800525 0.08128352943083719 -0.002754630590457892 3.038870556144676 -0.766819742495521 0.4112931430455837 -0.06771577565272546 0.1642465374862287 0.3883535531992587 0.3037158678210811 0.1123835421531036 0.1960796600541779 -0.06532568593186165 -0.006362134294903787 0.1607980352768014 -0.3496332810253505 -2.498390036291088 -0.5592558118943078 1.120588525742328 -0.9233359480528147 1.112054921055008
 0.4089043631860311 -0.03303696633081776 -0.07290786609550073 -0.7668197424955185 3.0776371587184 -0.6206689791124316 0.2925465840203235 -0.07608064128980324 -0.2413220113660877 -0.1401538218264352 0.2433603300500796 -0.06532568593185736 0.1567577349577335 -0.02126889630043738 0.2093172022418545 -0.3345505089969606 -0.298200415816259 0.6740662074306045 -2.6835693007928 1.077292960924388 0.2140222948254929
 -0.122332630244522 0.2280861191322639 -0.02831645008718357 0.4112931430455818 -0.620668979112432 3.096943363671577 -0.5796227051425122 0.2153954138541429 0.4844933082875144 -0.1661226863165856 0.2068111944122334 -0.006362134294905106 -0.02126889630043834 0.006908896676592488 0.1061959008068744 -0.09891350531553428 0.2840808546314723 -2.364866908993563 -0.5559705998380797 0.2542461485363552 0.2699911525911498
 0.1029800686394486 -0.7022432764817503 0.05450697091145936 -0.06771577565272452 0.2925465840203234 -0.579622705142512 2.980012339366071 -1.445673881132224 0.2082846604388282 0.01080348950532395 0.06487244562613416 0.1607980352768031 0.2093172022418527 0.1061959008068769 0.02837171177090217 0.06614959697553865 -0.3651359369807931 -0.6480617919288914 0.7206314670146294 0.1833513288603567 -0.3803684341356536
 0.001196120667016451 -0.1593034854658802 -0.01494326825043216 0.1642465374862268 -0.07608064128980244 0.2153954138541421 -1.445673881132223 3.451519282373908 0.2183677481425698 -0.1860164579451154 0.2861763379054423 0.1123835421531015 0.2433603300500813 0.2068111944122344 0.06487244562613484 -0.3096326398877686 -0.23238061005296 -2.75205860275751 0.7972049394074656 1.0479752082811 -0.6334195135777319
 -0.155682013143888 0.02097122270020241 0.09887941125680581 0.3883535531992541 -0.2413220113660867 0.4844933082875141 0.208284660438828 0.2183677481425704 4.09087875956496 0.2186451818532535 -0.1860164579451153 0.3037158678210811 -0.1401538218264378 -0.1661226863165877 0.01080348950532608 0.685030546939811 -0.5391930987202818 -2.81573738335167 0.7427014828330019 -3.209949718470674 0.9830519585981341
 -0.1556820131438865 0.0988794112568058 0.02097122270020069 0.303715867821078 -0.1401538218264336 -0.1661226863165865 0.01080348950532496 -0.1860164579451142 0.2186451818532527 4.090878759564957 0.2183677481425718 0.3883535531992556 -0.2413220113660838 0.4844933082875164 0.2082846604388305 -2.815737383351681 -0.5391930987202882 0.6850305469398112 0.983051958598129 -3.209949718470664 0.7427014828330034
 0.001196120667015146 -0.01494326825043168 -0.1593034854658766 0.1123835421531026 0.2433603300500808 0.2068111944122354 0.06487244562613459 0.2861763379054422 -0.186016457945114 0.2183677481425674 3.451519282373911 0.1642465374862247 -0.07608064128979883 0.2153954138541393 -1.44567388113223 -2.752058602757508 -0.2323806100529579 -0.3096326398877706 -0.6334195135777341 1.047975208281102 0.7972049394074645
 -0.8500748251800472 -0.002754630590458593 0.08128352943083635 0.196079660054175 -0.06532568593185642 -0.006362134294904578 0.1607980352768036 0.112383542153102 0.3037158678210821 0.3883535531992569 0.164246537486228 3.038870556144671 -0.766819742495521 0.4112931430455785 -0.06771577565272242 -0.5592558118943074 -2.49839003629109 -0.3496332810253487 1.112054921055 -0.9233359480528125 1.120588525742335
 0.4089043631860327 -0.07290786609550054 -0.03303696633081649 -0.06532568593185784 0.1567577349577318 -0.02126889630043766 0.2093172022418512 0.2433603300500801 -0.1401538218264373 -0.2413220113660848 -0.07608064128980295 -0.7668197424955212 3.077637158718388 -0.6206689791124231 0.2925465840203206 0.674066207430601 -0.2982004158162502 -0.3345505089969535 0.2140222948254916 1.07729296092438 -2.683569300792791
 -0.1223326302445206 -0.02831645008718489 0.2280861191322647 -0.006362134294906494 -0.02126889630043595 0.00690889667659219 0.1061959008068777 0.2068111944122345 -0.1661226863165883 0.4844933082875163 0.215395413854144 0.4112931430455786 -0.620668979112422 3.096943363671576 -0.5796227051425138 -2.364866908993567 0.2840808546314681 -0.09891350531553836 0.2699911525911496 0.2542461485363618 -0.5559705998380871
 0.1029800686394488 0.05450697091145839 -0.7022432764817532 0.1607980352768039 0.2093172022418548 0.1061959008068747 0.02837171177090214 0.06487244562613632 0.01080348950532524 0.2082846604388323 -1.445673881132229 -0.06771577565272137 0.2925465840203184 -0.5796227051425114 2.980012339366081 -0.6480617919288982 -0.3651359369807962 0.06614959697553693 -0.3803684341356555 0.1833513288603568 0.720631467014635
 0.3417855793481444 0.1498654420696091 0.6575559495091361 -0.3496332810253475 -0.3345505089969634 -0.09891350531553536 0.06614959697553655 -0.3096326398877715 0.6850305469398115 -2.815737383351677 -2.752058602757514 -0.5592558118943038 0.6740662074305968 -2.364866908993564 -0.6480617919288933 9.861882733235667 1.362247477687385 0.09962625870992547 1.162230564998711 -0.5026381833825762 -3.325091739370376
 0.7591797088386885 0.2521272056434999 0.2521272056434976 -2.498390036291086 -0.2982004158162578 0.2840808546314705 -0.3651359369807933 -0.2323806100529613 -0.5391930987202858 -0.539193098720288 -0.2323806100529583 -2.498390036291092 -0.2982004158162488 0.284080854631468 -0.3651359369807924 1.362247477687383 9.147257587744281 1.362247477687376 -3.40996524192812 1.983182307071353 -3.409965241928136
 0.3417855793481447 0.6575559495091348 0.1498654420696071 -0.5592558118943018 0.6740662074306043 -2.364866908993563 -0.6480617919288909 -2.75205860275751 -2.815737383351671 0.6850305469398144 -0.3096326398877676 -0.3496332810253462 -0.3345505089969565 -0.0989135053155375 0.06614959697553913 0.09962625870991644 1.36224747768737 9.861882733235646 -3.325091739370367 -0.5026381833825666 1.162230564998702
 -0.5604098511290572 -0.3541832656119497 0.4223734890143409 1.120588525742322 -2.683569300792799 -0.5559705998380806 0.7206314670146303 0.797204939407465 0.7427014828330019 0.9830519585981266 -0.6334195135777332 1.112054921054999 0.214022294825493 0.2699911525911501 -0.3803684341356555 1.162230564998714 -3.409965241928114 -3.325091739370364 10.79942224807178 -4.532053484578674 -0.9092416131895948
 0.7075696580592414 -0.294423020190626 -0.2944230201906256 -0.9233359480528069 1.077292960924385 0.2542461485363565 0.183351328860356 1.0479752082811 -3.209949718470673 -3.209949718470665 1.047975208281099 -0.9233359480528112 1.077292960924382 0.2542461485363612 0.1833513288603558 -0.502638183382571 1.983182307071348 -0.5026381833825675 -4.532053484578672 12.10831745101569 -4.532053484578666
 -0.5604098511290623 0.4223734890143391 -0.35418326561195 1.112054921055005 0.2140222948254936 0.26999115259115 -0.3803684341356525 -0.633419513577729 0.9830519585981345 0.7427014828330025 0.7972049394074678 1.120588525742332 -2.683569300792793 -0.5559705998380879 0.7206314670146314 -3.325091739370378 -3.409965241928136 1.162230564998695 -0.9092416131895897 -4.53205348457866 10.79942224807179


