# Created by Octave 4.2.1, Wed Feb 28 12:25:17 2018 EST <timwar@Tims-MacBook-Pro-3.local>
# name: r
# type: global matrix
# rows: 36
# columns: 1
 -1
 1
 -1
 -0.871740148509607
 -0.591700181433142
 -0.209299217902479
 0.209299217902479
 0.591700181433142
 0.871740148509607
 0.871740148509607
 0.591700181433142
 0.209299217902479
 -0.209299217902479
 -0.591700181433142
 -0.871740148509607
 -1
 -1
 -1
 -1
 -1
 -1
 -0.8678958432
 -0.8678958432
 0.7357916864
 -0.1044549894
 -0.1044549894
 -0.7910900212
 -0.4791923952
 -0.4791923952
 -0.0416152096
 0.3519251902
 -0.8170301456
 -0.5348950446
 -0.8170301456
 -0.5348950446
 0.3519251902


# name: s
# type: global matrix
# rows: 36
# columns: 1
 -1
 -1
 1
 -1
 -1
 -1
 -1
 -1
 -1
 -0.871740148509607
 -0.591700181433142
 -0.209299217902479
 0.209299217902479
 0.591700181433142
 0.871740148509607
 -0.871740148509607
 -0.591700181433142
 -0.209299217902479
 0.209299217902479
 0.591700181433142
 0.871740148509607
 0.7357916864
 -0.8678958432
 -0.8678958432
 -0.7910900212
 -0.1044549894
 -0.1044549894
 -0.0416152096
 -0.4791923952
 -0.4791923952
 -0.8170301456
 0.3519251902
 -0.8170301456
 -0.5348950446
 0.3519251902
 -0.5348950446


# name: AFEM
# type: matrix
# rows: 36
# columns: 36
 1.027777777777779 0.02777777777777778 0.02777777777777778 -0.4722222222222222 0.02777777777777778 0.02777777777777778 0.02777777777777778 0.02777777777777778 0.02777777777777778 0.02777777777777778 0.02777777777777778 0.02777777777777778 0.02777777777777778 0.02777777777777778 0.02777777777777778 -0.4722222222222231 0.02777777777777778 0.02777777777777778 0.02777777777777778 0.02777777777777778 0.02777777777777778 0.02777777777777778 0.02777777777777778 0.02777777777777778 0.02777777777777778 0.02777777777777778 0.02777777777777778 0.02777777777777778 0.02777777777777778 0.02777777777777778 0.02777777777777778 0.02777777777777778 0.02777777777777778 0.02777777777777778 0.02777777777777778 0.02777777777777778
 0.02777777777777778 0.5277777777777778 0.02777777777777778 0.02777777777777778 0.02777777777777778 0.02777777777777778 0.02777777777777778 0.02777777777777778 -0.4722222222222225 0.02777777777777822 0.02777777777777778 0.02777777777777778 0.02777777777777778 0.02777777777777778 0.02777777777777778 0.02777777777777778 0.02777777777777778 0.02777777777777778 0.02777777777777778 0.02777777777777778 0.02777777777777778 0.02777777777777778 0.02777777777777778 0.02777777777777778 0.02777777777777778 0.02777777777777778 0.02777777777777778 0.02777777777777778 0.02777777777777778 0.02777777777777778 0.02777777777777778 0.02777777777777778 0.02777777777777778 0.02777777777777778 0.02777777777777778 0.02777777777777778
 0.02777777777777778 0.02777777777777778 0.5277777777777775 0.02777777777777778 0.02777777777777778 0.02777777777777778 0.02777777777777778 0.02777777777777778 0.02777777777777778 0.02777777777777778 0.02777777777777778 0.02777777777777778 0.02777777777777778 0.02777777777777778 0.02777777777777753 0.02777777777777778 0.02777777777777778 0.02777777777777778 0.02777777777777778 0.02777777777777778 -0.4722222222222216 0.02777777777777778 0.02777777777777778 0.02777777777777778 0.02777777777777778 0.02777777777777778 0.02777777777777778 0.02777777777777778 0.02777777777777778 0.02777777777777778 0.02777777777777778 0.02777777777777778 0.02777777777777778 0.02777777777777778 0.02777777777777778 0.02777777777777778
 -0.4722222222222222 0.02777777777777778 0.02777777777777778 2.295512232565646 -0.1937382952635214 0.02777777777777778 0.02777777777777778 0.02777777777777778 0.02777777777777778 0.02777777777777778 0.02777777777777778 0.02777777777777778 0.02777777777777778 0.02777777777777778 0.02777777777777778 -0.001347449498620267 0.02777777777777778 0.02777777777777778 0.02777777777777778 0.02777777777777778 0.02777777777777778 0.02777777777777778 -1.489315376692393 0.02777777777777778 0.02777777777777778 0.02777777777777778 0.02777777777777778 0.02777777777777778 0.02777777777777778 0.02777777777777778 0.02777777777777778 0.02777777777777778 0.02777777777777778 0.02777777777777778 0.02777777777777778 0.02777777777777778
 0.02777777777777778 0.02777777777777778 0.02777777777777778 -0.1937382952635214 2.238243482052387 -0.07928891375904192 0.02777777777777778 0.02777777777777778 0.02777777777777778 0.02777777777777778 0.02777777777777778 0.02777777777777778 0.02777777777777778 0.02777777777777778 0.02777777777777778 0.02777777777777778 0.02777777777777778 0.02777777777777778 0.02777777777777778 0.02777777777777778 0.02777777777777778 0.02777777777777778 -0.2299083012301461 0.02777777777777778 0.02777777777777778 0.02777777777777778 0.02777777777777778 0.02777777777777778 0.02777777777777778 0.02777777777777778 0.02777777777777778 0.02777777777777778 -1.596419082910789 0.02777777777777778 0.02777777777777778 0.02777777777777778
 0.02777777777777778 0.02777777777777778 0.02777777777777778 0.02777777777777778 -0.07928891375904189 2.168652398099999 -0.03367526034631647 0.02777777777777778 0.02777777777777778 0.02777777777777778 0.02777777777777778 0.02777777777777778 0.02777777777777778 0.02777777777777778 0.02777777777777778 0.02777777777777778 0.02777777777777778 0.02777777777777778 0.02777777777777778 0.02777777777777778 0.02777777777777778 0.02777777777777778 0.02777777777777778 0.02777777777777778 -1.499516844540352 0.02777777777777778 0.02777777777777778 0.02777777777777778 0.02777777777777778 0.02777777777777778 0.02777777777777778 0.02777777777777778 -0.4172824905654005 0.02777777777777778 0.02777777777777778 0.02777777777777778
 0.02777777777777778 0.02777777777777778 0.02777777777777778 0.02777777777777778 0.02777777777777778 -0.0336752603463165 2.188338847404869 0.03292423899037299 0.02777777777777778 0.02777777777777778 0.02777777777777778 0.02777777777777778 0.02777777777777778 0.02777777777777778 0.02777777777777778 0.02777777777777778 0.02777777777777778 0.02777777777777778 0.02777777777777778 0.02777777777777778 0.02777777777777778 0.02777777777777778 0.02777777777777778 0.02777777777777778 -0.5691569661085237 0.02777777777777778 0.02777777777777778 0.02777777777777778 0.02777777777777778 0.02777777777777778 -1.479541971051513 0.02777777777777778 0.02777777777777778 0.02777777777777778 0.02777777777777778 0.02777777777777778
 0.02777777777777778 0.02777777777777778 0.02777777777777778 0.02777777777777778 0.02777777777777778 0.02777777777777778 0.03292423899037299 2.189754204746168 0.05666738989883389 0.02777777777777778 0.02777777777777778 0.02777777777777778 0.02777777777777778 0.02777777777777778 0.02777777777777778 0.02777777777777778 0.02777777777777778 0.02777777777777778 0.02777777777777778 0.02777777777777778 0.02777777777777778 0.02777777777777778 0.02777777777777778 -1.359869015004642 0.02777777777777778 0.02777777777777778 0.02777777777777778 0.02777777777777778 0.02777777777777778 0.02777777777777778 -0.7805879297418444 0.02777777777777778 0.02777777777777778 0.02777777777777778 0.02777777777777778 0.02777777777777778
 0.02777777777777778 -0.4722222222222225 0.02777777777777778 0.02777777777777778 0.02777777777777778 0.02777777777777778 0.02777777777777778 0.05666738989883389 2.074655554932239 -1.016757623641914 0.02777777777777778 0.02777777777777778 0.02777777777777778 0.02777777777777778 0.02777777777777778 0.02777777777777778 0.02777777777777778 0.02777777777777778 0.02777777777777778 0.02777777777777778 0.02777777777777778 0.02777777777777778 0.02777777777777778 -0.5034542100780477 0.02777777777777778 0.02777777777777778 0.02777777777777778 0.02777777777777778 0.02777777777777778 0.02777777777777778 0.02777777777777778 0.02777777777777778 0.02777777777777778 0.02777777777777778 0.02777777777777778 0.02777777777777778
