# Created by Octave 4.2.1, Wed Feb 28 12:25:15 2018 EST <timwar@Tims-MacBook-Pro-3.local>
# name: r
# type: global matrix
# rows: 3
# columns: 1
 -1
 1
 -1


# name: s
# type: global matrix
# rows: 3
# columns: 1
 -1
 -1
 1


# name: AFEM
# type: matrix
# rows: 3
# columns: 3
 1.333333333333334 -0.1666666666666669 -0.1666666666666669
 -0.1666666666666669 0.8333333333333335 0.3333333333333333
 -0.1666666666666669 0.3333333333333333 0.8333333333333335


# name: ASEM
# type: matrix
# rows: 3
# columns: 3
 1.333333333333334 -0.1666666666666669 -0.1666666666666669
 -0.1666666666666669 0.8333333333333335 0.3333333333333333
 -0.1666666666666669 0.3333333333333333 0.8333333333333335


