# Created by Octave 4.2.1, Wed Feb 28 12:25:16 2018 EST <timwar@Tims-MacBook-Pro-3.local>
# name: r
# type: global matrix
# rows: 21
# columns: 1
 -1
 1
 -1
 -0.765055323929465
 -0.285231516480645
 0.285231516480645
 0.765055323929465
 0.765055323929465
 0.285231516480645
 -0.285231516480645
 -0.765055323929465
 -1
 -1
 -1
 -1
 -0.6849636976
 -0.6849636976
 0.3699273952
 -0.178969698
 -0.178969698
 -0.642060604


# name: s
# type: global matrix
# rows: 21
# columns: 1
 -1
 -1
 1
 -1
 -1
 -1
 -1
 -0.765055323929465
 -0.285231516480645
 0.285231516480645
 0.765055323929465
 -0.765055323929465
 -0.285231516480645
 0.285231516480645
 0.765055323929465
 0.3699273952
 -0.6849636976
 -0.6849636976
 -0.642060604
 -0.178969698
 -0.178969698


# name: AFEM
# type: matrix
# rows: 21
# columns: 21
 1.047619047619047 0.04761904761904762 0.04761904761904762 -0.4523809523809519 0.04761904761904762 0.04761904761904762 0.04761904761904762 0.04761904761904762 0.04761904761904762 0.04761904761904762 0.04761904761904762 -0.4523809523809522 0.04761904761904762 0.04761904761904762 0.04761904761904762 0.04761904761904762 0.04761904761904762 0.04761904761904762 0.04761904761904762 0.04761904761904762 0.04761904761904762
 0.04761904761904762 0.5476190476190477 0.04761904761904762 0.04761904761904762 0.04761904761904762 0.04761904761904762 -0.4523809523809527 0.04761904761904787 0.04761904761904762 0.04761904761904762 0.04761904761904762 0.04761904761904762 0.04761904761904762 0.04761904761904762 0.04761904761904762 0.04761904761904762 0.04761904761904762 0.04761904761904762 0.04761904761904762 0.04761904761904762 0.04761904761904762
 0.04761904761904762 0.04761904761904762 0.5476190476190476 0.04761904761904762 0.04761904761904762 0.04761904761904762 0.04761904761904762 0.04761904761904762 0.04761904761904762 0.04761904761904762 0.04761904761904755 0.04761904761904762 0.04761904761904762 0.04761904761904762 -0.4523809523809523 0.04761904761904762 0.04761904761904762 0.04761904761904762 0.04761904761904762 0.04761904761904762 0.04761904761904762
 -0.4523809523809519 0.04761904761904762 0.04761904761904762 1.97352659334792 -0.1747672259606194 0.04761904761904762 0.04761904761904762 0.04761904761904762 0.04761904761904762 0.04761904761904762 0.04761904761904762 -0.2241777765383821 0.04761904761904762 0.04761904761904762 0.04761904761904762 0.04761904761904762 -0.8841054003727284 0.04761904761904762 0.04761904761904762 0.04761904761904762 0.04761904761904762
 0.04761904761904762 0.04761904761904762 0.04761904761904762 -0.1747672259606195 1.968775809666391 -0.1453220500909884 0.04761904761904762 0.04761904761904762 0.04761904761904762 0.04761904761904762 0.04761904761904762 0.04761904761904762 0.04761904761904762 0.04761904761904762 0.04761904761904762 0.04761904761904762 -0.2752537626946212 0.04761904761904762 -1.135337532824923 0.04761904761904762 0.04761904761904762
 0.04761904761904762 0.04761904761904762 0.04761904761904762 0.04761904761904762 -0.1453220500909884 2.092147013089314 -0.169969368582126 0.04761904761904762 0.04761904761904762 0.04761904761904762 0.04761904761904762 0.04761904761904762 0.04761904761904762 0.04761904761904762 0.04761904761904762 0.04761904761904762 0.04761904761904762 -1.344564909272327 -0.1941954470486347 0.04761904761904762 0.04761904761904762
 0.04761904761904762 -0.4523809523809528 0.04761904761904762 0.04761904761904762 0.04761904761904762 -0.1699693685821259 2.275074990640285 -1.429175049643953 0.04761904761904762 0.04761904761904762 0.04761904761904762 0.04761904761904762 0.04761904761904762 0.04761904761904762 0.04761904761904762 0.04761904761904762 0.04761904761904762 0.01454561806198498 0.04761904761904762 0.04761904761904762 0.04761904761904762
 0.04761904761904762 0.04761904761904787 0.04761904761904762 0.04761904761904762 0.04761904761904762 0.04761904761904762 -1.429175049643953 2.475317040862407 0.2642109923181005 0.04761904761904762 0.04761904761904762 0.04761904761904762 0.04761904761904762 0.04761904761904762 0.04761904761904762 0.04761904761904762 0.04761904761904762 -1.119876793060364 0.04761904761904762 0.04761904761904762 0.04761904761904762
 0.04761904761904762 0.04761904761904762 0.04761904761904762 0.04761904761904762 0.04761904761904762 0.04761904761904762 0.04761904761904762 0.2642109923181005 2.341768358008082 0.2891909996516622 0.04761904761904762 0.04761904761904762 0.04761904761904762 0.04761904761904762 0.04761904761904762 0.04761904761904762 0.04761904761904762 -1.261554976450703 -0.214301727702453 -1.133599360110403 0.04761904761904762
 0.04761904761904762 0.04761904761904762 0.04761904761904762 0.04761904761904762 0.04761904761904762 0.04761904761904762 0.04761904761904762 0.04761904761904762 0.2891909996516622 2.341768358008082 0.2642109923181005 0.04761904761904762 0.04761904761904762 0.04761904761904762 0.04761904761904762 -1.261554976450703 0.04761904761904762 0.04761904761904762 0.04761904761904762 -1.133599360110403 -0.214301727702453
 0.04761904761904762 0.04761904761904762 0.04761904761904755 0.04761904761904762 0.04761904761904762 0.04761904761904762 0.04761904761904762 0.04761904761904762 0.04761904761904762 0.2642109923181005 2.475317040862407 0.04761904761904762 0.04761904761904762 0.04761904761904762 -1.429175049643953 -1.119876793060364 0.04761904761904762 0.04761904761904762 0.04761904761904762 0.04761904761904762 0.04761904761904762
 -0.4523809523809522 0.04761904761904762 0.04761904761904762 -0.2241777765383821 0.04761904761904762 0.04761904761904762 0.04761904761904762 0.04761904761904762 0.04761904761904762 0.04761904761904762 0.04761904761904762 1.97352659334792 -0.1747672259606193 0.04761904761904762 0.04761904761904762 0.04761904761904762 -0.8841054003727289 0.04761904761904762 0.04761904761904762 0.04761904761904762 0.04761904761904762
 0.04761904761904762 0.04761904761904762 0.04761904761904762 0.04761904761904762 0.04761904761904762 0.04761904761904762 0.04761904761904762 0.04761904761904762 0.04761904761904762 0.04761904761904762 0.04761904761904762 -0.1747672259606194 1.96877580966639 -0.1453220500909884 0.04761904761904762 0.04761904761904762 -0.2752537626946213 0.04761904761904762 0.04761904761904762 0.04761904761904762 -1.135337532824923
 0.04761904761904762 0.04761904761904762 0.04761904761904762 0.04761904761904762 0.04761904761904762 0.04761904761904762 0.04761904761904762 0.04761904761904762 0.04761904761904762 0.04761904761904762 0.04761904761904762 0.04761904761904762 -0.1453220500909884 2.092147013089314 -0.169969368582126 -1.344564909272327 0.04761904761904762 0.04761904761904762 0.04761904761904762 0.04761904761904762 -0.1941954470486347
 0.04761904761904762 0.04761904761904762 -0.4523809523809523 0.04761904761904762 0.04761904761904762 0.04761904761904762 0.04761904761904762 0.04761904761904762 0.04761904761904762 0.04761904761904762 -1.429175049643953 0.04761904761904762 0.04761904761904762 -0.169969368582126 2.275074990640284 0.01454561806198494 0.04761904761904762 0.04761904761904762 0.04761904761904762 0.04761904761904762 0.04761904761904762
 0.04761904761904762 0.04761904761904762 0.04761904761904762 0.04761904761904762 0.04761904761904762 0.04761904761904762 0.04761904761904762 0.04761904761904762 0.04761904761904762 -1.261554976450703 -1.119876793060364 0.04761904761904762 0.04761904761904762 -1.344564909272327 0.01454561806198493 4.396960876438131 0.04761904761904762 0.04761904761904762 0.04761904761904762 0.04761904761904762 -0.3997955300024362
 0.04761904761904762 0.04761904761904762 0.04761904761904762 -0.8841054003727287 -0.2752537626946213 0.04761904761904762 0.04761904761904762 0.04761904761904762 0.04761904761904762 0.04761904761904762 0.04761904761904762 -0.8841054003727289 -0.2752537626946213 0.04761904761904762 0.04761904761904762 0.04761904761904762 3.79859224777386 0.04761904761904762 -0.5732702941529133 0.04761904761904762 -0.5732702941529133
